# cuerpoDagua
430.50715724152235, 1110.2657158784052
435.73022300270816, 1093.9984642889397
447.6563554362152, 1065.4954567689406
464.93822709705256, 1040.9746286608488
483.6824563512972, 1017.7853389073645
493.7105645683922, 995.3819822434754
493.5294658272264, 967.7080417500543
491.42814124721576, 942.7586456082068
495.70013025857725, 929.2037869669028
511.62153582876266, 918.8762282456274
538.0424318898761, 884.114393542769
555.2981871512058, 855.5443756315238
576.3503126015534, 814.7758376732684
579.5652576944944, 787.7340545713685
583.2205885978143, 753.9365157074676
575.7639538088929, 725.0050112138192
580.5161735646976, 710.7693184910839
586.2946016520413, 705.2958559129293
597.9043341533734, 702.4486605211049
610.9984113613356, 704.3078257439602
625.1671221789063, 722.3538727276963
635.9841924011389, 746.517477904201
653.1171415833945, 773.3010969090051
669.7171445711349, 792.666104471181
677.3681776265042, 795.9258792072114
691.2583492456808, 800.9875441144484
700.467035262636, 804.3432510039353
722.5426876870209, 808.3496621706379
745.0890788637064, 805.9205888678684
749.6018535836165, 804.4784798163149
765.9356516113734, 799.2587755642271
771.6733230951763, 793.4949583174399
790.3090110855488, 781.2724196999925
808.508871570247, 776.5555420764664
818.8734898885855, 781.3249336760409
836.4159356647497, 796.627676238151
845.1497000165793, 798.5419846892664
848.0212707409985, 793.1055448183549
843.5508078064929, 776.2871452190282
842.4672720997339, 758.7507467067749
835.9689000963023, 745.474659811543
834.8968405911147, 738.3444133343718
838.001903741433, 730.3882975636853
842.4619630173677, 718.9602903975715
847.4821038037858, 702.4659283087271
854.1148653378954, 697.3935332123242
865.3255049069381, 697.7108199440311
888.589051389129, 698.7661447446719
903.0969000328078, 694.5324098901926
919.1770418421052, 708.5036851618407
931.751365124705, 704.9694733947002
940.4322531498899, 698.7845495061142
955.4466098232373, 697.9193835617548
985.9949162156732, 701.5824286630316
997.214028863447, 700.1146666424368
1033.5775515401035, 695.8226618867411
1054.1781367468884, 681.1442600236629
1070.0337418539777, 660.6938689167367
1083.8810117866606, 629.4691594736561
1100.0891078747286, 588.7649315943288
1108.690895917632, 570.4315145027823
1126.0528328476225, 558.0622352145405
1147.8191104897805, 552.3871019216896
1166.2291356114522, 552.1542354890639
1176.9535918199595, 562.1433313447658
1194.002614579479, 576.1022420205651
1202.723133035615, 575.9919555721234
1210.5143473489886, 581.9681737187334
1214.6101176831307, 615.6652325258182
1221.602180838957, 631.1503883118266
1224.0981473026818, 660.0499864824424
1225.6647023675148, 676.2731803373848
1274.6142926610448, 678.353415889986
1285.3784329300922, 694.4164385726501
1288.4526068669884, 720.0264164474846
1292.4869741631178, 744.2742287427511
1297.4506456050583, 762.4355364348876
1306.6248493938072, 757.5945865528251
1309.0383909931675, 756.2140872638425
1312.82167617221, 741.9918250466305
1310.2847922253234, 724.47475509336
1315.9884104962912, 707.5283038251067
1318.110756902653, 686.7194817486273
1321.8268473163564, 673.4284720735201
1325.6271322885461, 659.8364486047601
1331.7021182777949, 649.3676919615784
1336.2758133938062, 641.4859769099498
1355.2542858546597, 599.8968992227091
1360.2304524115837, 582.0994941848685
1374.5492655038177, 548.845144522166
1393.6644870875118, 508.10567045441246
1397.9588386009273, 497.92691317125275
1409.0139059272228, 484.28798953543895
1423.556987579818, 485.4541692734512
1437.6243431630855, 487.9762612410793
1446.904085098963, 499.3332786095959
1456.8870929200705, 500.6650301445227
1475.9638638658466, 497.61616403800224
1482.7772951287989, 502.25480366037164
1501.0422052958832, 517.3414501526942
1501.042419805093, 396.25346407423535
1501.042419805093, 198.86224745005865
1493.5750595953102, 191.09181370047915
1482.4386935711432, 194.0243531808463
1472.0115996717911, 187.86032118570182
1464.9207017564936, 198.4007782356233
1459.6065235399544, 209.18277114405439
1449.6568181509713, 216.8086671063341
1439.7210558118518, 226.5774743015388
1429.2351329758592, 241.04638875743163
1421.6369762501831, 264.76586357126877
1420.3853195622016, 295.8299044132476
1419.6093889435476, 325.53803302157115
1416.9527020404275, 364.04441963215044
1412.6231711415876, 368.8238308117485
1403.4180781424654, 368.94001531364955
1396.5915618664887, 362.2765676114041
1386.3956008008731, 359.0304365612163
1377.151038250421, 353.0724099916902
1358.3591344957686, 294.58747637321477
1350.458360005111, 271.738212823802
1330.3755445203567, 238.24310897587827
1315.7491799696063, 224.25314469832284
1306.465201494364, 212.22069387705042
1301.0526711602654, 199.46448821768325
1306.2504249291937, 179.14982334792086
1303.1726043479243, 152.86469626075595
1300.6976597105509, 144.79623327430667
1292.8408594463397, 128.69590364397376
1284.045799309578, 117.33213549668173
1271.2523020367248, 87.11940373290082
1272.0899038291416, 66.85966890704012
1275.297341127175, 38.47035875694342
1276.6326024786506, 20.229249721113096
1279.434404336358, 3.9946150678622008
1275.0478678245888, 0.0
1269.2560329619307, 3.4477307047775785
1262.1464191859043, 27.836314557272743
1256.5822313952785, 66.37993705541449
1253.3266369518774, 87.34516407814037
1246.6052834341983, 96.8794704380759
1239.3556492828375, 99.67066987632407
1237.4834733332311, 109.81894205069682
1243.8736794616216, 123.91293942270241
1255.6150128830493, 141.31439335896238
1264.4188678669295, 154.02796250613096
1271.839411610095, 177.55855755771975
1275.9300337414925, 210.58075140097844
1283.4602449211195, 250.9841786710115
1286.4460413867046, 263.09600447130026
1303.0279184117564, 279.7611258013761
1312.4528825522534, 290.33000719276333
1313.291664140752, 301.03454376524724
1307.2223626257482, 313.96939642248094
1295.653654860659, 337.9017695649641
1290.4517181789051, 357.54156946686106
1287.284340330243, 392.0051617484913
1284.9805197938842, 410.258493251879
1288.0480439696637, 440.6506536827753
1291.2360682527983, 457.75471793120164
1292.0889001442404, 470.6021657325713
1291.3756059892694, 479.18333280739273
1287.7832869384636, 482.1035076999898
1286.0197595088584, 483.53708944991143
1272.9170483364474, 479.4165545445896
1248.4634627104492, 457.29289341623445
1224.640639121977, 444.7693410051343
1205.019392153574, 447.05721638599755
1185.8126290961068, 450.514469241975
1162.7952310374676, 459.3775347439036
1150.180794675908, 468.6594329359509
1138.1479979257317, 480.96120441220177
1122.1602556239982, 481.16330149157557
1106.216541175251, 488.1146167304547
1094.6374833811792, 495.6858668932977
1076.2669814404262, 501.9929443973505
1064.1726743961083, 504.84582465827583
1057.4691787053673, 517.080372558922
1051.3117142221658, 538.7578425613278
1045.577206737776, 550.9801679944167
1031.1748962412257, 571.412083279794
1020.0495774032585, 574.2527410731619
1002.255995883467, 594.7276481793484
979.089192701286, 608.5207028137684
960.2386745222516, 615.509182884143
947.6555027659929, 617.6934515311943
935.5128240701455, 613.1221776046424
916.5655089615121, 605.2619229313456
908.263389196435, 595.2420577264313
906.1407210277825, 566.9189052382254
900.1598506106312, 541.3445288483097
898.6660675292535, 536.9107576817779
896.4494446681249, 519.8282959359353
896.7969483259799, 494.46354907745723
893.1217217688979, 481.2939824086745
881.7880079911276, 473.22196638055175
861.8167368900373, 456.7790523500027
844.3228772746122, 448.9001086748379
831.7265132492005, 449.05935605765467
816.716553997888, 450.5991027254147
807.0710215648951, 457.4710429852775
799.4381144752624, 475.79280609415713
790.6802715507489, 484.44062825565356
779.1995658681398, 493.1583743010334
773.2613826313205, 499.40355779805054
762.9421328447193, 510.25618519546833
740.595931661808, 517.0375228623649
729.880323923911, 508.3978727019684
719.5920169803201, 490.9775876355491
706.379262982617, 470.8942258558752
700.8961593745564, 447.3379778352451
702.2660638369077, 434.4953621736212
700.3018101450766, 430.4701198767592
691.5460586769755, 425.18063386100073
679.9889879961269, 436.12699052838053
677.6985206085424, 456.4064802738623
686.0972764205487, 481.2759329518033
721.5556807741106, 569.2543913912457
731.9409455299694, 601.5236243816556
747.1093192550552, 624.2820010936372
745.8232339654076, 649.9487565953361
735.2308076923672, 660.2080968914389
719.2563649128675, 662.4354284194056
705.2065990207878, 662.6133648081297
693.0330847411074, 653.3173255014166
685.6690639659112, 638.5601882083582
680.1214469500134, 622.950533799136
670.7887750609511, 603.4931471211374
650.4611518313958, 589.0545756497795
636.9268496987726, 586.7146837216912
628.6333638981444, 585.2807466712377
601.4631362597963, 579.5494753005586
592.2713427829079, 581.6908942510529
575.3367066441753, 585.28032030656
564.665073132724, 583.3903146663073
551.6282696764899, 590.3056020515506
544.4227706311959, 599.8472276832307
534.7993325645066, 610.0944876360281
528.492355707731, 608.8242747995264
524.15408359441, 612.2543113479647
527.6158742620242, 623.0109355277801
533.4912065320474, 632.3869893625457
530.1571556339941, 641.2045759116662
515.6581554609256, 646.7883960024081
504.6077000658747, 661.1040321890501
496.04575696618105, 685.5135789910538
489.9194498321516, 711.9173777121188
494.5221572143821, 748.9857057416413
485.9691698414278, 774.7453377839469
473.03388249606957, 797.1854329106143
452.8315321908318, 819.7177650328915
436.980646268068, 840.8448686906456
424.0190280139922, 859.2352765893759
411.5551229455152, 879.6445234584555
408.3094495187735, 901.9619675489112
406.0813504560733, 931.6918407840707
403.359989259398, 960.0779531930259
369.53962490496224, 974.6833755593708
362.6642543324966, 960.5948498721076
363.91891414027026, 930.2021209563209
375.02208498234495, 923.9857881694863
385.63188643736373, 916.4256235003807
393.7885158590223, 904.1713917402197
398.5405211086656, 889.9352726568461
403.2043097666185, 862.1995802766022
408.43643850762425, 847.2824139274389
407.8284143640314, 828.3891083400408
407.2557304824355, 814.8955752168429
397.49565054598634, 804.2188234408278
384.82436945416646, 792.9038741036587
376.0332777240684, 782.2147577398738
366.7797594438282, 774.906716990152
356.671532324943, 768.7469486498627
352.6726661734802, 766.3100586505647
340.51229053336397, 759.0388274277669
322.1023190412809, 759.2722623452829
310.743775913165, 759.9621922132367
295.4039563217259, 769.9851840951467
272.8667890105784, 787.5735280904794
257.2054749107597, 809.7631336963672
241.12973052654561, 824.4288156671038
231.15648283942733, 831.947907162509
223.5944707829988, 846.1319386385509
222.48782179347577, 872.9370890858327
217.45974419677867, 888.1825565962943
202.78286290849795, 898.1924022211854
187.40078515819468, 898.3876774576379
170.0667879514225, 894.1425728689959
148.01033402967815, 884.3402960082212
124.6938039647133, 875.1855967517057
102.72036480537392, 849.1372444393719
91.4538994194829, 830.3785281153173
88.21455399156741, 825.5240056115582
79.8533907806402, 821.1648483444033
59.39068086928548, 828.568963371834
41.50335916622765, 837.7265761250259
17.93531796575614, 860.3522111525874
6.591522291705523, 889.9671079197725
0.0, 922.6733651854638
11.304379752309051, 910.6315343332042
20.421470668950747, 893.3690754313163
29.57706585005116, 882.0002619599203
56.629903747820244, 869.1635443477164
60.685936394882056, 867.2224459537397
75.68254249742034, 863.6567542282439
87.83353339237769, 871.6898999661606
98.8838815343479, 888.7951722525529
115.03534739526896, 908.2370676657856
135.17243351195933, 921.6314708863068
144.6870621790265, 933.758859015507
161.5195386762055, 949.6491327497248
171.19118751480298, 954.1460770213645
187.7584779654106, 958.7579977569396
207.12622959802354, 959.1955194610441
227.39459487556735, 946.7871567022772
234.56893656864094, 932.5199840211869
249.3844975565538, 901.279570128982
258.5364997198214, 893.0628031332403
271.5687448743995, 885.4717980507762
278.15860472201535, 877.3677335753689
290.30101528211264, 871.8554007070081
296.08099855436853, 873.5680384434273
302.51936182507836, 877.9514985214446
310.8571972440318, 878.738710705073
312.6563330744326, 879.9175392753203
328.2379036643402, 890.1274212163029
337.3217457753973, 906.9795747216251
336.79180269762577, 923.9538107863473
331.7403973089549, 935.6272621531759
323.42015158118943, 937.5189732521394
318.88115320259413, 929.5394073959064
302.71794300435147, 908.3119658096274
301.7517434085827, 907.4600882424998
289.5692734021627, 896.719026391596
283.89246868182397, 917.717580959679
274.87297910203154, 946.1840632012579
274.0630488970829, 970.4959723870547
274.8329196526606, 975.4518276769854
277.0980214183991, 990.0337288936378
285.4445444283417, 1006.8038071116648
291.34663662550196, 1020.2296902945805
299.28827497278075, 1049.1556520433799
294.98990142616134, 1058.6609655769594
303.2789898047547, 1066.6560937580646
316.83538630672996, 1065.133614877927
328.4494626035567, 1062.9607870291838
348.8503940880676, 1070.8019263318959
368.06075016031934, 1091.5381242081344
377.1499013537426, 1102.1225679284332
389.48622753532794, 1135.0887658140764
389.52601884894875, 1141.1636164345396
385.8006509462156, 1164.162249902919
384.4844272177597, 1185.105163817958
388.9553191706848, 1201.924202966321
399.70889490154036, 1218.883800491593
400.5844646838674, 1223.3734965515946
400.811468231319, 1225.00803840707
401.44925541879275, 1232.3894850182028
402.80752279690313, 1233.9542451100074
404.19469518815197, 1234.3651900515697
406.0335150760444, 1233.2701422313673
406.3144674931415, 1229.1944467257783
406.6080222783026, 1227.0474850263959
407.5987294621266, 1225.641759137089
408.1971543543992, 1223.06224999356
408.0173426623954, 1219.0995412568093
408.00184443066826, 1216.7421683567404
407.4449805461386, 1213.8394744320847
405.90743774752474, 1201.0333840529202
405.7481116103721, 1176.7341236993582
407.5178597857229, 1151.060262110273
411.6825409527857, 1142.8915322513662
417.0411760407309, 1144.5419206761785
423.0157184590558, 1146.6091520919733
428.0359664985546, 1149.7601326539143
431.70674200706117, 1152.392440013917
436.7322455054341, 1156.3470478137135
442.72968669731324, 1161.8967586938888
447.35132444948266, 1162.9095891025438
449.4821439376241, 1165.2936098212222
453.9651556167017, 1168.103285081019
451.9694228103596, 1163.3866206418513
451.5497906936305, 1158.0338904608786
448.06772897732645, 1154.8633681636754
441.49347461756685, 1149.3209765512051
437.4258585128045, 1144.8183474145037
434.11679784471795, 1138.6986573943077
430.6189697609367, 1133.1171823113125
424.1491273757159, 1120.6256783474973
430.50715724152235, 1110.2657158784052
