906.495399990508, 294.1621487134327
908.3150964516971, 292.92112767966364
910.9847289406653, 289.40523540102987
914.3860175089478, 280.2547997920989
916.0591832620806, 271.3936102987914
914.2434444798087, 258.29042868423994
910.4906945765832, 243.0691929253424
906.1993783564453, 233.74816861943526
906.5142231055371, 223.02934881772788
910.6748715146974, 212.2613691133475
914.6622507392808, 204.44311140725247
920.41832704744, 202.4949637755904
933.493280829918, 202.33034419298798
941.7541506224057, 201.15485548005563
948.100790089715, 201.3424561458474
952.9217919747435, 203.42443979726235
956.4369201663949, 211.68411334006976
958.067516721852, 225.8604133949423
960.508472499458, 235.15649533933498
960.5614346303964, 235.7153747727893
959.1753776852096, 243.40239728810843
952.4421082246699, 247.89696812472738
950.5486637641881, 252.47480807377823
950.588755388264, 258.6354433602912
952.7351696407824, 263.42974889572207
954.8504050916837, 265.044692164618
961.6945217835466, 275.79305907120585
974.0348592724182, 295.8859856405671
985.7415817582847, 307.88718389663273
1000.3812994602479, 323.9008192802441
1009.252038171265, 346.8713695005158
1014.0458189372513, 368.6789661463436
1019.0558885520876, 379.14461032535866
1020.2607931289587, 385.60894550582117
1017.6020362176033, 389.9611530202476
1010.4747362207873, 389.45608086647235
1001.6965686240922, 387.9598802907749
994.0990125217646, 390.62760438184347
995.5212034139394, 396.3953441836652
999.4937172042395, 404.06006780008715
1006.4640935579076, 411.3646834139035
1016.2006311937829, 418.31311358176436
1023.3892913255507, 423.6866361712216
1030.1265184668362, 430.6731407464026
1033.2015718881396, 442.20597688985254
1035.856853763099, 460.17300419672006
1037.5646733542446, 474.29485742368524
1036.068734464606, 492.63580696325624
1033.8307465642195, 503.2719545646962
1026.732662615695, 511.7192287732954
1030.493810526592, 522.2786732839946
1034.0069759649177, 530.2700778775554
1045.15135387713, 540.7363616023752
1059.9667861576881, 547.9419325929132
1077.990932064401, 551.8920351359164
1084.6781572908692, 551.1645709222985
1096.2145708082799, 551.0182850386085
1097.1061107450341, 546.1853081861167
1094.2617289643429, 534.6498285800496
1093.963744578784, 524.3671803210367
1095.9269793578126, 506.98529654165833
1100.8732112640973, 486.9933332426838
1105.170962736752, 473.76028080109353
1117.5276457670527, 457.85357779497195
1127.8562266692245, 449.3649888042709
1142.585040445456, 443.39323328000626
1161.2705372926616, 442.5135993428758
1176.8913736499978, 442.0505241579181
1189.0020047851292, 448.91235956401425
1194.816513189872, 455.9106744549041
1199.2845736291536, 468.71147791045007
1205.7807040206403, 474.0934851638596
1218.49576628458, 477.7890903516501
1228.6629832203364, 479.9104275044181
1233.381021059609, 478.9848740442436
1235.3561288790468, 480.6083446155793
1239.9321085112838, 489.7437295340198
1246.5747696108267, 503.4411788930882
1246.9474994584743, 504.3641315267094
1256.66672626422, 528.399955066731
1264.146967704954, 544.6838206827612
1271.3920650058847, 557.2937404592462
1275.8432972593869, 567.5232209843847
1274.4097159711534, 574.3384973167848
1268.334322414711, 578.8697781921397
1257.0003619505874, 579.4188085930574
1240.4389812063043, 580.8435077335444
1234.3507493189236, 583.3505347986608
1229.1634528387644, 590.3002866990421
1224.9404468300274, 611.4112879662291
1222.4356211679458, 628.4508005321735
1222.7064166085577, 651.7893891477496
1221.541635833516, 661.8758668000436
1217.1047541940225, 665.5747550011032
1209.2869193861748, 662.6334750307063
1204.141709459341, 659.3111098937507
1200.0374982193437, 655.6069774035204
1196.3109719705355, 649.8530091957325
1187.7213894574688, 641.9265826517551
1178.6996797151282, 638.5051302530336
1168.3171392155646, 638.6370049944613
1157.8875570191337, 643.3978408659381
1152.2255319324424, 647.9697969751664
1144.6611495609818, 655.6515751988912
1147.6792831687717, 658.5062604050997
1155.071393822109, 659.6981215386193
1167.2998866150326, 659.5426688066851
1172.6257984417562, 662.367806908013
1176.604747486402, 670.9961583943533
1183.0845645105546, 673.8068853534191
1190.4613270852587, 672.7488176060122
1196.691166711249, 672.6694710502305
1199.254360118066, 676.4942648783441
1193.517106924936, 681.303024192101
1188.4733487589583, 686.2954189740885
1187.4417133666645, 693.1658243211117
1188.309475044848, 692.971657633629
1202.6487307876523, 689.7581861549116
1218.1690484950796, 687.2039178293836
1226.7789342303215, 686.4521934385433
1229.7698467190694, 673.3424457998772
1233.3715934150468, 659.5826618562663
1238.8806847170895, 653.7532696517707
1252.823400175922, 651.9566521953928
1262.4579712288373, 654.3869335337046
1271.825704521887, 658.8585232895578
1289.3756366405137, 660.8860601106417
1303.0035073520835, 662.9627568343986
1307.5824472004417, 657.4403475371215
1312.1237408187417, 646.1331438307197
1317.6164865775258, 635.1197909833072
1322.7829971911594, 636.4907254777553
1330.6736147095996, 642.8698302674609
1335.9619124840183, 651.306615890448
1347.9087020809636, 655.6089386842691
1351.8807332269134, 656.5567910433408
1355.343896750422, 656.8342694793193
1361.3554204223888, 658.6866554985486
1367.3565511610927, 658.9319860055169
1373.8066373185077, 657.2428978363697
1378.4024053526455, 654.2918114695001
1384.4035360895205, 654.5371419764684
1388.867606673961, 666.6944325126966
1394.2667838556272, 680.7677653852172
1398.0279317646948, 691.3272098959163
1398.1205028771876, 705.4680790085097
1396.8097062143643, 716.734607481038
1399.1674863481148, 724.4183896191519
1406.3452709022697, 728.1841745096324
1411.658312225789, 729.081502597447
1416.2877366314858, 731.2723799071005
1421.6284817165683, 736.3467647074867
1430.4254724301215, 740.7350427124205
1435.1212442938936, 744.3630690240745
1435.1638134915695, 750.875327649241
1433.1896709608325, 760.214046105832
1435.8563432318506, 767.8741649788882
1448.1021468549036, 773.3874074254973
1459.494507237858, 781.7461255915828
1470.2844635971771, 786.8729959415515
1481.610508699809, 785.1091659648357
1481.8025688216624, 785.0533974044079
1494.667636831883, 781.2987832789842
1514.6609701239622, 771.3264009404592
1519.3809707147313, 766.2133021845243
1527.4794790780081, 761.8939247858239
1531.8148767788919, 754.4463063015868
1538.40309564035, 738.6130660114244
1542.2518595165402, 727.3150291556905
1542.3879972931627, 712.8501225334228
1543.4280306894696, 695.480645979494
1543.358723015273, 684.875324579391
1544.7200364150174, 681.3227222620212
1546.5803071464616, 683.5483483296618
1549.3910325537652, 689.941182074914
1550.8300516317195, 698.2795626252747
1550.6776004895917, 710.1738711399144
1549.6058734732221, 722.7220958800852
1545.9833087347945, 733.3746585381764
1535.0914179702686, 761.4754047577496
1528.5348605529484, 782.129214677378
1523.033234145801, 787.6627521036479
1516.1534339753762, 794.1782937396598
1510.6641632529877, 801.640962911964
1510.0355033971823, 811.2912690191397
1509.8612689257338, 819.9714238707701
1512.4269399043214, 824.1169721977127
1517.981045799886, 826.6174332411381
1525.60585519718, 828.1274480469333
1536.4522165479095, 828.3111261536512
1544.8220029961483, 837.8472516725071
1552.0106631279161, 843.219452529444
1561.957086537878, 846.9498064752215
1578.8174491323446, 849.3066250999979
1589.2024672036794, 849.4955474983101
1599.3355129457732, 846.4742814287504
1606.8929774221956, 837.7003262430123
1618.1714981817813, 833.3783053816946
1626.5165410827485, 831.1015154945686
1635.4130529815861, 832.1490520251471
1659.8278876604302, 831.4333981272379
1683.0457974757435, 825.4695303547611
1686.8703004490121, 823.50564985074
1692.8189516992989, 815.716299701297
1697.5969017441305, 805.370677311937
1704.6776426847719, 794.3534019054507
1712.4742089817435, 786.8618678125583
1718.6995761067135, 786.1403300724031
1724.4893087882606, 789.2803388375848
1728.4534245727189, 795.6580792562827
1730.1384633680893, 806.2431056767246
1731.3888973587573, 821.0110726471371
1732.2517038915703, 847.0331182261409
1731.567089512781, 864.9070273856165
1731.5621665433343, 864.9384931327581
1729.8553122408894, 870.6288476619706
1723.5779804477768, 877.6290811951217
1717.0140224910685, 880.9737452309746
1717.0476788644564, 886.1157089074975
1715.9487307272157, 894.4862373892921
1712.995464466697, 901.5947676709408
1709.10905435862, 907.107967481486
1717.00015452141, 914.0780570000159
1725.1140431392444, 919.7598842243649
1731.6101735307311, 925.1412519319697
1734.6584884755136, 932.4944305338711
1736.3579100608172, 936.7416669491327
1734.3976354997385, 942.6452040514561
1726.5728506190994, 946.388690045463
1716.1215172674426, 948.5467372393905
1708.5744457242827, 950.2620468616617
1702.4941292002227, 953.9838735074231
1692.0373258829204, 955.331826918682
1682.162172898652, 956.6726173985087
1677.2416820042633, 959.974644917316
1670.0144103555658, 966.1398849471949
1660.4461867588968, 969.9063093859037
1652.600101189629, 970.4113815396792
1645.0505842524517, 971.7219853663971
1637.2257993718129, 975.4661109062089
1626.7902967413108, 980.0531603444151
1616.926051512408, 983.0134561980165
1608.003315957324, 985.4614316918595
1604.3139211182997, 990.1724254763711
1592.0755823883123, 1000.6131272938717
1580.9019884278082, 1009.112247503825
1570.9426945128125, 1015.2387735781554
1566.0558599899832, 1020.6582156930804
1563.111474379657, 1022.1668661302915
1559.0523420850304, 1023.8382175078435
1553.8333519829796, 1025.9293680099265
1552.1002740242877, 1027.571214918662
1552.5220404998809, 1044.614692679744
1552.7537096051178, 1056.3967818868123
1553.4348489475115, 1066.4589993643076
1553.3289246856345, 1081.815350236991
1545.3338630124638, 1103.7830043581191
1541.306874806326, 1110.3129571339696
1536.96011888165, 1112.392936868572
1532.2851328844033, 1108.8088688040607
1528.775442482473, 1105.6137310266793
1526.1568093729466, 1105.2424948950807
1522.983232230984, 1108.9276114996828
1518.8928889588155, 1123.8962685432055
1514.4787881150974, 1131.0238147104822
1508.0277044930574, 1133.4140603631486
1502.8057541767141, 1135.1005050672552
1500.205912004464, 1137.5629343394241
1498.4936199141268, 1142.4438346366196
1498.3332534105075, 1142.671428351993
1497.3565750784016, 1147.3129246181065
1486.347820120708, 1157.5247109877137
1478.541375710748, 1163.4098291165733
1473.8673871781261, 1163.8125736338013
1469.62259783641, 1163.9522934933766
1465.6357334321012, 1165.931949508244
1462.5705581237862, 1167.6852909041952
1459.1796624905953, 1166.6567702592447
1455.9125489456096, 1165.664320104802
1450.9574042132083, 1163.7030404273346
1443.9573291687273, 1160.1478372834113
1428.8255720301024, 1157.911679994095
1417.3381629628843, 1158.0855090658529
1412.619642479261, 1156.9402496445164
1410.5405409735188, 1147.8599937382758
1408.1798006236468, 1139.7209815309282
1405.1562292243066, 1147.79505832718
1401.9871245815352, 1162.9690528256658
1395.4790889737155, 1167.4714687828557
1388.7889035311264, 1170.1667360595686
1377.4707737899862, 1173.1460478012218
1369.0331597746967, 1172.0394596969463
1360.2936036949313, 1169.3166492297423
1350.365005935374, 1162.5597422843232
1340.6873508645085, 1149.7254691672467
1338.4454374593001, 1143.54253498426
1336.0717944266412, 1133.5019768574339
1333.0685262513052, 1121.3263099813819
1330.3265936960947, 1125.4325048069716
1329.5816166451498, 1129.0848339319118
1330.0825689060991, 1135.0782061707814
1331.6602033306178, 1141.0578068156174
1333.2422780802326, 1147.680238193055
1335.2827358931213, 1153.8684593036999
1335.7713324693113, 1157.933339344764
1335.3253050907965, 1160.2960844454265
1334.1031218597202, 1161.5974787829891
1331.797306394112, 1161.8414875574372
1328.106946266387, 1162.1025509367644
1330.4439405336122, 1166.5728189600973
1334.3006197712944, 1168.2376043159584
1336.7747171020137, 1170.134588128135
1338.9533076171165, 1173.964029335678
1342.3699442622033, 1178.8482126437193
1348.0878916977829, 1182.8468355411671
1350.9471389127577, 1184.8455074416631
1352.5841707225607, 1190.471566108008
1350.9555690945242, 1197.809651383355
1349.469990962224, 1205.757097729773
1346.600865634261, 1213.936060350638
1344.7876044237596, 1218.8878225348158
1342.9976066552128, 1224.3459359668018
1345.1390657623606, 1225.5259867870363
1350.1937316800465, 1222.2469403465711
1355.9992950827486, 1216.172857185759
1357.6457545371136, 1208.6288375432846
1359.608506671792, 1197.6705710720075
1363.712685735865, 1199.0546376146851
1366.260563239973, 1200.4682086237556
1369.0405924918384, 1202.2005302172656
1371.6983519385692, 1202.8092517376851
1374.7065752592755, 1204.0568814316327
1376.7826843729727, 1204.029977791793
1379.201374175078, 1203.3563208578541
1382.8714310806276, 1198.5875972321662
1394.1836082117723, 1194.7988312609198
1398.8862979724113, 1196.6761596392398
1404.0840195635867, 1197.5741699137702
1407.4353062152231, 1198.3343789709863
1411.246456039108, 1198.9286893491435
1416.08328864712, 1197.5813754836897
1418.6063904280322, 1195.296058294124
1432.8689057794984, 1197.9480495104099
1437.0528176287842, 1201.757110463741
1435.1425128047695, 1207.7859136473135
1428.2929261472614, 1218.8012277730513
1421.9002424477096, 1229.1684668745925
1418.5910423493988, 1240.5675096343534
1416.2174314944932, 1253.8832342762112
1415.7026112620565, 1269.1031483025881
1413.612634176872, 1278.7724276593283
1411.5018712269914, 1285.2275959891228
1409.986143935452, 1288.6752698433918
1403.0994258699893, 1294.1209334162877
1395.8840272617006, 1296.3557263345963
1392.0570145389077, 1299.190756109372
1390.8546197115606, 1303.4911176200208
1391.720901280769, 1306.1870670834492
1397.5586731238084, 1309.75608445747
1408.6362209354238, 1317.191892628422
1417.7653672263696, 1325.217363795678
1420.2602504217857, 1330.3278617226356
1422.588814507245, 1402.1645052053877
1421.230976145725, 1407.1319576258609
1418.320279082882, 1409.2060535206408
1414.0121346769652, 1409.0473177778608
1409.2436122803535, 1409.1083306298826
1405.868064723967, 1410.4372681579368
1405.4165995575606, 1411.943317766171
1405.890845519742, 1413.8652439422856
1407.1338146173441, 1415.7780032653086
1409.3099275606758, 1419.1784358615894
1412.259750960723, 1423.211850155512
1416.753037591626, 1428.0829014177475
1420.6226195120948, 1431.6754967846982
1425.5931123231296, 1438.8974828318876
1428.4340190674257, 1449.7888099728325
1430.6883525110707, 1464.973335692994
1433.2386754110248, 1478.43990832342
1436.714709441396, 1492.3229970675318
1440.4832900676054, 1503.8460268120855
1440.837711620498, 1510.912517491276
1439.786287826304, 1514.7825912966293
1436.5617434789942, 1515.6812411169644
1432.7347629321257, 1518.5162708893165
1431.5229404602162, 1521.3171488158457
1431.867483900121, 1526.8841559084938
1433.1644125932862, 1536.9378460811254
1433.4020343066898, 1542.536361556979
1429.0522859899681, 1544.211635493605
1420.347866390737, 1546.7534539551957
1410.7929959434518, 1552.5454539366638
1402.1128372471417, 1558.731031584691
1395.1474160388443, 1560.4404147310759
1390.4937629043218, 1560.0947178707324
1388.2057730891177, 1561.165875030305
1375.6768183388645, 1567.0333416421208
1363.4671808387232, 1570.08283308404
1354.6993739975378, 1570.1956493013524
1351.346124592576, 1571.8145151293222
1351.0827618672768, 1575.6537627357618
1354.4622671044092, 1579.491731245745
1353.4172785627313, 1585.639916668321
1351.3263361906754, 1590.5975626923214
1350.6912089046, 1592.103612302979
1348.3636422837656, 1600.2530704550272
1351.470871969482, 1605.2717293310498
1352.2208363435511, 1604.615766552642
1357.435868763027, 1600.0523377434301
1362.7107812121376, 1595.1629527798586
1370.7434569376135, 1588.6316782714875
1379.3181740163968, 1584.5346502989896
1381.4259767501565, 1585.0449667419357
1384.8930979544114, 1585.9645937286475
1388.9383944553035, 1587.0377121689683
1391.90704097038, 1586.6316846384716
1394.1256909354631, 1586.327984744522
1398.7392846200048, 1586.1075965990683
1403.9335311747845, 1586.5234731645253
1407.8516027251712, 1585.8301181606664
1410.72716330748, 1584.5070644724342
1413.3483061647012, 1581.927256875651
1416.3852307134252, 1581.6163087732948
1428.6364721243704, 1581.9541605179143
1431.3744469988346, 1588.8828926158549
1434.2227864602723, 1597.9526599389073
1440.5882168648575, 1612.5887948063796
1450.3673558761616, 1625.7477449837825
1463.2165609856454, 1638.0106461674036
1473.4199118665608, 1645.5927402196219
1486.061708777387, 1649.7160322861548
1501.0117987255924, 1654.022959820918
1515.155969776745, 1652.7694462871482
1526.2280797986398, 1652.1987991740489
1534.8631917255032, 1655.301415713779
1535.642372146035, 1656.791050265362
1535.3532684106685, 1659.5808000628979
1532.6440269401457, 1664.2380292013706
1528.4021978145506, 1670.6354676924122
1530.6604889389416, 1670.997536973343
1537.4140294457322, 1668.7673487984005
1551.089939320623, 1666.4485619448806
1563.3525711294558, 1659.8628406061785
1570.3714371130418, 1651.201744278664
1577.4299120781827, 1648.5399040274176
1586.8189460580318, 1649.2758955434754
1593.00026387818, 1653.4818171766353
1600.4191130062097, 1658.7431630921615
1606.285103432916, 1661.8812105765944
1607.8647006107599, 1668.0746333427699
1604.2396904764855, 1666.9693669734384
1601.3156080865056, 1666.792937075127
1595.4743612070708, 1667.5111918020132
1590.8855432457244, 1671.4271851328342
1582.6246734532367, 1678.3900690814446
1575.2854927549135, 1685.126638408715
1568.4076875155674, 1691.8579634443909
1561.8491995226755, 1700.2986716288756
1558.3612924518955, 1707.8433734556424
1555.6406605834852, 1715.1630823960131
1552.5740051680239, 1716.7026016682014
1550.1216911684544, 1718.0197288829702
1550.136041782463, 1720.189586390183
1550.148912289326, 1722.0905353999208
1550.1914814870013, 1728.5181605416471
1551.9131690478055, 1732.9956341348995
1554.0838120254919, 1735.538731692947
1557.476187767658, 1736.7811170953003
1559.0300439336058, 1739.117598101928
1560.4987617023728, 1742.3644966085358
1562.6634842478172, 1746.1683559063365
1563.5975933822472, 1751.6901256578087
1562.1328332942257, 1756.5034470764442
1560.4002701558088, 1760.098685908436
1560.4106630890715, 1761.6729539434587
1560.4314489574258, 1764.8123231579882
1561.0724966739144, 1768.660737615096
1564.7856375974145, 1771.827010471889
1568.6497495522378, 1774.5623134366706
1573.4608733242783, 1780.9289257263754
1576.5868939490995, 1788.3876723396056
1579.1006002595445, 1796.2833153207334
1577.435864688178, 1800.3757385498654
1574.9914660501006, 1801.7742162323816
1574.370689379863, 1802.1297621301087
1570.3887801190958, 1804.7522488775783
1563.7901683262037, 1807.1943405315988
1557.3593557522438, 1811.7767425879515
1546.0209549648528, 1818.5657974648043
1540.6603893001163, 1823.953731196524
1529.196726313716, 1835.0300581742836
1522.1016025831416, 1843.7994086142319
1516.3549217436203, 1847.0876645414287
1511.9858676693486, 1849.3939588949477
1510.8537779808235, 1852.622523700219
1510.6528050328534, 1857.1249396549858
1510.9245657621661, 1863.2278877388098
1513.075902982302, 1874.4491788677392
1517.1286322003361, 1894.0029240687188
1518.1864912488763, 1914.2375744120448
1519.9383601448437, 1934.7850914999879
1525.3929770310485, 1956.891783296399
1529.3838312920273, 1967.125186378188
1534.9602353390167, 1972.8384793521022
1558.5454372140855, 1990.6362823330012
1580.4139066718924, 2010.7548334457458
1588.730730989193, 2019.9249671245968
1592.9220433778669, 2025.6559542516188
1595.483788853462, 2029.1580323001551
1598.9533554535633, 2030.3984564217596
1602.1794120839434, 2029.7143109070557
1604.382746148146, 2031.4531985246806
1606.357886143508, 2033.5168058362726
1607.310786217043, 2038.0041284669082
1606.8815870243081, 2042.8305819337725
1604.145124434743, 2047.687222053746
1601.1735177035455, 2051.9036322676707
1595.9075180805514, 2058.0787213325098
1590.6523940333418, 2065.860226363805
1580.3812155872047, 2082.706211788072
1576.9408328576421, 2088.939030694087
1573.7692506431, 2094.683832051207
1566.4761463566015, 2108.2769924954027
1560.5438084718196, 2118.317550622229
1556.664348438363, 2124.795700035213
1552.3665969657084, 2137.7079979731266
1543.0013090703346, 2151.9708927897645
1531.3178821986885, 2164.6575582954774
1515.7207919239988, 2178.679727348512
1505.8575441578923, 2187.4857878296207
1495.6141016510724, 2205.2927576587645
1494.6805073369164, 2206.9155886842955
1489.4748703860782, 2222.0889436369766
1486.065666458133, 2229.8468280368543
1481.0135102881422, 2233.4479507086685
1477.88102223488, 2236.5958472256384
1475.1133486677736, 2248.3097180107648
1470.5354384599643, 2253.832809492334
1469.7008183367234, 2267.0212641385533
1468.6325663549203, 2279.784675368648
1475.5465055412546, 2278.5160685083238
1481.0729076715975, 2276.8375115608524
1486.6146578824032, 2277.4081586739517
1488.4457125655556, 2279.6606883838554
1488.9412270386126, 2280.2707316367955
1490.8450966101104, 2288.9239828461623
1490.1980962836262, 2295.6821688880377
1496.0482238114246, 2307.819164442182
1498.8663819376989, 2315.17494387306
1499.1425829921075, 2321.9206800509983
1498.2431598697854, 2325.4680380767736
1495.4937945992624, 2328.3968681832334
1489.540220379529, 2335.22327264705
1486.3919016032833, 2347.477689164296
1487.4160721025112, 2362.5710153793266
1488.381874857004, 2368.9861480210525
1492.8499031203612, 2381.4629139645003
1497.5441948769874, 2393.294205710305
1502.4280370077715, 2399.0160259866593
1508.9553783749707, 2408.8946079935004
1515.0446077251472, 2422.3139393659385
1511.5279994263497, 2448.393714786119
1507.6098956982098, 2449.0877093382064
1502.5359561988982, 2449.4753605288797
1499.3599014833353, 2457.5513986034566
1500.7633014345763, 2460.425739243521
1502.1800223611056, 2465.228572081392
1501.5137484511663, 2469.094083779443
1497.8892209612425, 2479.1051374398758
1497.003118814209, 2484.580305479165
1494.963143643842, 2490.0705668425853
1494.1721223588256, 2493.938039821385
1495.012662916138, 2497.4624594024576
1498.2342470454978, 2496.1348009708604
1500.972672388388, 2491.599597534008
1503.6853888953067, 2483.2080492521964
1507.3470477950139, 2478.660395953831
1515.640126027839, 2476.623692282079
1525.1043881141275, 2477.1431755781164
1529.015541769476, 2475.4855957945983
1534.0701755112373, 2472.205867172265
1540.5346444567563, 2472.7641070599143
1548.15745892663, 2473.950681263352
1558.8097652262566, 2479.5970775454225
1567.1458953029362, 2483.987999015397
1573.8563839677008, 2486.793481685292
1581.0287307339636, 2489.5923983310727
1583.827550924934, 2494.0554607820627
1584.8042292570399, 2502.077691574537
1584.8774946119822, 2513.0044496601845
1583.844893930988, 2531.0167143106514
1583.2607660261838, 2547.0939633752614
1580.8826826684287, 2570.908759224025
1580.0416594685948, 2583.1329890881616
1582.002416674024, 2600.141675455192
1584.0909136502335, 2613.3989880715812
1587.945630136419, 2626.09746389058
1589.161892933424, 2635.4020731349888
1589.7074093212987, 2647.9299602594347
1587.939677526423, 2659.523169706678
1584.9923316999757, 2667.2751702691576
1583.6533164516563, 2674.041883611049
1583.4914376649665, 2684.32909397494
1582.6271188490834, 2693.018415677239
1582.7642540885017, 2700.6628016755117
1582.16625821221, 2705.970067121353
1579.9470934268525, 2721.790857550002
1573.34799898961, 2731.3860346425545
1567.3904349132065, 2737.570972742354
1561.012616646109, 2749.867343589929
1556.9395842040708, 2761.812773285567
1554.2204324446357, 2769.240054151656
1550.5483806116652, 2772.1806519377606
1539.723802592086, 2775.2150500531257
1530.2555506491276, 2774.0533755727147
1521.496688809983, 2775.4538145359793
1517.0603219907644, 2779.2819340110022
1520.860596237036, 2783.8184591779514
1526.6548014196037, 2787.599337394986
1533.1365811970818, 2790.72885757698
1538.7000825612843, 2794.512336620568
1541.7083380579152, 2795.7586445819948
1541.057380050685, 2801.874042527332
1537.8620195757428, 2807.0586427184776
1535.5894100150967, 2812.2307930456855
1533.5494348465584, 2817.7210544115287
1534.3003645074987, 2826.389356311386
1536.4333934328804, 2834.717930462851
1537.8437112809884, 2838.5558563367704
1542.2533396255153, 2842.355110891205
1548.0391468022406, 2844.850327643036
1552.21166825181, 2847.6885977901698
1556.3970280323174, 2852.454720589305
1558.9612510796835, 2856.278235320962
1556.240136566923, 2863.3847616882213
1555.5891785596928, 2869.499477446843
1557.0059316621464, 2874.3023102847137
1560.2666099527862, 2878.7588067140127
1571.8941144773726, 2892.105357557207
1581.6866066380608, 2907.083224089885
1587.29763234531, 2917.937201643866
1592.9240383071165, 2931.040383260841
1599.2256310031503, 2941.5643968268373
1606.963282559188, 2959.7826384804957
1618.2224975612232, 2986.953908678397
1622.421242667039, 2993.647841491045
1627.9456820477146, 2991.6472083098006
1631.6375222825855, 2991.5986453192927
1638.5658120829282, 2992.4717132323076
1646.4153405108384, 3000.0
1648.7394642712015, 2995.552030873141
1647.0712536616102, 2990.5924235708158
1643.5560932958638, 2982.6036624422954
1639.2717271485174, 2974.6253898969635
1636.133801307363, 2965.5602273172776
1635.7130322963944, 2960.2090036267177
1634.0992639267172, 2948.981146473674
1627.8342878183635, 2932.4578768289853
1634.3675496196336, 2931.836705447052
1638.2277038955401, 2933.9284954949394
1641.3473214419398, 2940.315445402793
1644.8698823507327, 2949.375406326949
1647.975149284953, 2953.61999927717
1653.3985873695406, 2959.4415463610944
1649.0671473494026, 2944.499750321347
1648.2147337498525, 2932.1908869737713
1650.438853680581, 2919.8413910283853
1654.19012347666, 2905.865141500818
1651.4115743319408, 2893.0460043439357
1649.8661161718348, 2880.602708066866
1646.5074289789814, 2861.5776130101676
1648.5755905552621, 2848.908684296049
1649.4671304920164, 2821.471106427227
1649.073099957569, 2808.6204608895628
1646.698974282389, 2798.795686162401
1643.4328582020282, 2793.4818546948686
1639.7038543814494, 2787.959445397592
1636.4431760889806, 2783.502948968293
1635.308576650931, 2774.9467811038794
1634.4759514551106, 2765.544448963865
1632.5666762716448, 2756.141434641983
1628.8347122349448, 2750.1913811020268
1622.0668211141458, 2750.279937144541
1615.0256569773057, 2755.5143794202268
1607.0444632756223, 2758.189309081215
1602.7264085807928, 2756.5317292976965
1599.928553676694, 2752.2831711523386
1598.6315928076044, 2742.443985285338
1601.0552377550807, 2736.841547247987
1603.7862303808295, 2731.234504469694
1606.488553954485, 2721.342833053111
1606.0569093659037, 2702.92189740953
1607.2236528924418, 2684.9732464400627
1611.081844415023, 2672.4302233554217
1617.2987813600557, 2654.1358755231868
1626.4561462346683, 2634.936994033219
1631.2751853682005, 2616.6531347841724
1634.0839158480835, 2602.0399809998894
1635.4150157330823, 2583.801401730506
1639.0464932976265, 2561.889473533742
1639.4538769814578, 2535.969755588862
1640.1384913620764, 2508.021861277093
1640.0350446719704, 2492.6366454813983
1636.7639412703145, 2481.7466400729736
1631.10786879179, 2461.9796696603953
1627.5001373117213, 2444.2107316000843
1622.4989805211726, 2435.367918444177
1613.4391097284997, 2428.1971388525367
1598.4707114855396, 2406.9320065835122
1587.0253889716469, 2390.884261987718
1583.1177103526943, 2385.2457534598598
1574.2266684195017, 2349.867934816962
1574.140017739251, 2309.2937056696333
1577.1131045794236, 2299.907149040466
1583.9542932310897, 2279.572814525634
1590.482599886989, 2256.0026669995473
1592.3874347435296, 2236.542039945959
1592.863160814686, 2220.744230598076
1592.9636472886712, 2218.7094882046486
1597.229705141263, 2195.5644267307507
1604.0406802800123, 2178.8699288408575
1614.7182449471848, 2165.3397425294324
1620.9792633729635, 2155.682230852338
1621.1154011495858, 2155.4723312900724
1625.9655869069818, 2150.731150852452
1639.7523761872915, 2141.9814984824234
1657.9799726137448, 2133.6536065152513
1667.5264450551879, 2126.6467643219216
1696.7553637221934, 2106.8325952874193
1703.6831387004327, 2099.4545169576436
1706.234491240936, 2089.7038871307327
1706.1453629889145, 2076.3428825116357
1702.863898831749, 2063.833329088526
1698.1404232027553, 2052.9617000175012
1696.5895272547577, 2038.4055938876795
1697.9216246043816, 2020.166971982232
1700.7174845792306, 2003.5302039359394
1705.5944088113188, 1993.7493874559195
1718.066926394238, 1989.5389037178818
1733.43234756552, 1983.266731308089
1740.5903115400208, 1980.7820031394467
1750.1466620944518, 1972.088076693782
1759.9119009583444, 1965.8014931417276
1773.9298767013693, 1962.9422458282172
1784.2807235790417, 1957.987882817486
1791.133785271116, 1952.9318317184357
1794.9959344762724, 1950.082390801398
1803.4246356654448, 1944.2477543077316
1801.8430435601806, 1938.7450430803747
1797.4046818117122, 1936.3921470146724
1794.3637995840713, 1936.4315005160256
1792.2134276508068, 1936.459043706517
1787.2374970518797, 1940.005079999772
1779.6825101490572, 1943.797768530092
1775.0149568689521, 1941.4291395920307
1761.9454408743657, 1943.217272382033
1754.1266086037224, 1947.7721738863816
1741.9748883780617, 1956.4326306680916
1733.2838219282141, 1960.998660303857
1721.8805537917228, 1954.8301372631329
1714.2953855519074, 1947.0584812667971
1714.257256677499, 1941.4042398665802
1711.283172374531, 1931.319723492611
1703.3727664541905, 1922.1095541281145
1691.9878066124538, 1914.968279002868
1688.626641846, 1908.568197049209
1687.0153510499224, 1897.6080119356711
1687.1237528835702, 1885.0184297773344
1689.7478559587416, 1874.8073255895956
1696.7731893725975, 1861.3249774483234
1702.6460976961712, 1848.1253946731108
1706.974030505818, 1833.8749497179867
1708.8382910939324, 1825.0124384921592
1704.5241940780193, 1812.479946626771
1698.674034374297, 1800.2353791444857
1687.95390050762, 1782.3575474259362
1681.5993456806475, 1777.1539313491628
1677.5134427335759, 1769.975264000888
1674.9839057001468, 1765.45515389059
1675.7170418866071, 1760.0888368734759
1676.2422550523065, 1752.3152195988157
1681.960717308161, 1744.7416528514605
1697.720136836137, 1727.8267668185372
1706.3602039065424, 1715.5684703782817
1708.843728881824, 1710.113597318654
1708.6264103924252, 1706.3668283138013
1705.165241796337, 1700.5721848697167
1704.5246767223696, 1696.7237704150323
1704.4504460805556, 1685.5831902080454
1705.0033630096475, 1676.1487101390212
1706.4904212490937, 1668.4157254621707
1709.8515860155471, 1664.9444736149717
1720.224731044644, 1658.2977820603116
1735.017382529427, 1653.2482969853759
1747.5923815137517, 1649.5671455759114
1758.9436528080053, 1644.7072224450926
1764.137899360956, 1639.2838577710938
1768.580186614246, 1636.441622426399
1775.2688919478599, 1635.9267012376636
1781.0730074193405, 1641.3159566994798
1786.4207025772141, 1647.3532871854923
1790.6011393901042, 1651.4779009845454
1796.841854593708, 1653.0042882109278
1802.8469430113287, 1653.8911277179777
1813.396800085474, 1653.7002440413405
1810.9766301762224, 1650.6455083054032
1808.1154202079224, 1648.0387544327161
1803.2573190890346, 1646.1725968194532
1794.229141916424, 1641.78956310369
1789.9883102554536, 1628.666726055282
1783.6926379916622, 1618.7848610351718
1780.4265219131307, 1613.3634576419217
1773.694732559737, 1607.3431817632124
1764.9398284013382, 1609.3844901783302
1750.7817893805272, 1620.1722105886947
1739.765601705692, 1624.0343966398361
1718.8495496752412, 1626.3276015836134
1709.101138998957, 1621.3509396764089
1702.9089456011957, 1615.5386020767924
1698.0701180657632, 1610.7796848500009
1689.5666714126723, 1603.8555148569387
1689.3058184368972, 1603.6430144681199
1683.7477226846624, 1596.7686865620228
1681.1988798936832, 1589.3026917403854
1678.0728270929376, 1581.8433055789271
1676.8709149081121, 1574.6272033715604
1674.683411566893, 1563.6742238279414
1672.4899877916023, 1551.917716530616
1673.2256015516625, 1546.8196684627483
1680.6870198773677, 1541.0991699189146
1689.506791384867, 1537.2363016834809
1695.8148193352463, 1531.5308964662015
1702.9460770109793, 1526.3325246810223
1709.3783375161615, 1521.9645842918137
1714.2409111360698, 1515.9843014626854
1711.4638742762495, 1511.653071114636
1707.7606114675668, 1509.9869640286781
1700.6823480986966, 1509.6491549225464
1694.2188766159732, 1509.3035006982668
1686.522314148636, 1508.5452102833117
1679.4267077737115, 1505.6367604310642
1668.2922401504113, 1496.780815229351
1660.5639840630115, 1491.3089302009075
1653.0901778747946, 1477.6921064916535
1642.5423157298983, 1464.5430053492112
1636.0085391083537, 1453.4844151606228
1634.7185283120555, 1444.5018821475635
1638.0712950726668, 1439.7449688351605
1648.6874674271346, 1435.3022439998958
1665.5735710334975, 1439.1342860339926
1679.2890898899432, 1438.3589410141583
1694.036211962758, 1435.1704118969553
1702.3109497249043, 1430.350481815718
1709.957027633074, 1423.3954856237424
1714.816641036861, 1413.9059191761592
1717.5234049337841, 1404.4432563708388
1718.4005620806056, 1397.575494486433
1717.7318105988952, 1389.4424087573952
1714.8725633839206, 1375.76593656228
1714.7532859708308, 1357.769362150532
1715.8537142170471, 1338.0431096103148
1718.5292671382576, 1323.8674491012466
1724.479913317794, 1313.342795987022
1728.6920437507465, 1310.610776033086
1728.8434974282493, 1304.4488190140526
1727.0936234597027, 1301.5245936509586
1724.9679950737095, 1299.9450813267656
1721.5078239422464, 1298.164836290975
1716.9417546007508, 1293.923483715536
1711.0465803016768, 1289.749070468005
1711.3727832709028, 1279.4959693138726
1713.0662522480397, 1273.850212580031
1713.0098150807057, 1265.2802731191593
1707.7863524776342, 1260.5260032717974
1704.3113159137167, 1258.4276045637314
1701.3832758448198, 1251.7697422415906
1698.4230595096808, 1240.2907133802435
1695.2549523315342, 1226.4042989892228
1694.046604896021, 1218.116442710119
1697.4419408543079, 1208.1637584390905
1706.2621950061575, 1204.3008902060806
1713.5845153409477, 1206.617673142788
1716.8125668987486, 1200.4163626224013
1722.296882477595, 1186.419135928457
1728.4108553750432, 1180.4487021342893
1736.461356750923, 1176.5963224820441
1750.9387130218463, 1184.981944290393
1768.686143052047, 1193.5931985333661
1778.5276074870035, 1198.8244004342712
1787.769145470096, 1200.5810248410676
1802.9518698104096, 1199.3150188097204
1816.1995779571907, 1196.199952406053
1821.1913714550253, 1195.0651389318411
1823.7016027290747, 1196.6394496005041
1830.6853322321267, 1205.924360777416
1835.1692233943922, 1215.24073770147
1843.49743810958, 1224.2403253218324
1845.6458151135948, 1229.3016207100534
1847.2477104410345, 1238.9230618990646
1849.614886045253, 1247.998713059516
1860.443936564023, 1257.233782149463
1868.0014010404457, 1265.9755894013435
1874.6128833402004, 1277.13915069152
1880.2753910712418, 1290.189846756489
1886.9007413406548, 1303.4963619116147
1891.1890973428424, 1312.2794839455973
1893.18846606703, 1314.2007705734836
1895.3537034327487, 1319.7789484311884
1900.4722070608148, 1326.1409559775273
1903.4952636380515, 1329.6377897320456
1910.6987892041025, 1337.2585977398123
1915.794029392043, 1340.0857397579528
1913.6431748162574, 1328.8650881772517
1910.5394201669367, 1313.1565170537506
1907.4534589902669, 1300.019183590953
1909.4558201065001, 1288.7454495485053
1916.5766526730463, 1276.0010542016155
1926.6919049424891, 1272.613753653564
1943.4983079413928, 1264.3009550129461
1952.7601169707364, 1258.1088113432277
1956.482653362874, 1249.5585699522762
1953.5655210475143, 1247.9764141630424
1948.3435385534183, 1249.6628588671488
1943.1087177302124, 1249.3243675767246
1937.8629891534695, 1247.3670530943946
1921.291730296198, 1247.1742081394323
1909.3602566019617, 1245.3027635960873
1901.4795493724343, 1240.5445285535877
1892.6870311599016, 1229.7247028478532
1887.1081495411415, 1221.2931615140367
1885.5557734841686, 1206.33171003801
1887.8358479397098, 1199.4193503606566
1899.1485077152042, 1195.6312239376384
1905.2209088796014, 1190.694597716079
1905.1729018922044, 1183.4070367071422
1897.2738863697516, 1175.8150936223872
1889.4015771460663, 1172.2716581556856
1881.520869916539, 1167.5134231131858
1879.1744801806753, 1164.3045563778346
1877.963655171562, 1157.03140651116
1879.665039510191, 1150.531640388418
1890.06540565833, 1140.6812837539371
1899.5702741907976, 1127.1983387004998
1905.9040431512444, 1117.8051734135777
1910.7656193046994, 1105.5960368735716
1917.08107997222, 1093.368523996166
1921.0437156495325, 1077.1220506055872
1921.828333857956, 1063.7506000393655
1923.7673077340637, 1049.1498961141726
1927.1596834762295, 1034.5308158540035
1934.5364782250285, 1006.9036760410639
1933.5261435213638, 985.8622149307621
1929.0541253995073, 968.9138592338848
1927.240864190835, 958.4095437353851
1928.35316547746, 950.7021836043409
1934.7998087744036, 932.2202351087382
1937.6852796456246, 910.9039390226516
1938.6847387735056, 891.2478661851242
1945.0214679500734, 872.3126489010363
1949.2316034537769, 857.4757813243903
1954.365937802998, 842.8409681894384
1965.0717532315905, 833.2779390258959
1975.791372276164, 825.8565419996298
1980.344088468276, 816.3715802954124
1981.6108358244487, 798.3579512787851
1980.4356621161442, 783.3754800027411
1976.786873723299, 766.4953853662925
1977.5655393235563, 744.4175158544055
1978.6951836180642, 728.9765741343462
1982.0202144375298, 719.9356290958182
1987.3971256455243, 718.7962535118808
1992.5755092995676, 721.0677991074126
1996.370345757947, 727.5525145420876
2005.133165277838, 733.9191268317921
2008.2696110118463, 734.8144936412817
2013.1930621241847, 734.9666633623705
2020.6995593970898, 730.1572645003854
2030.3242201610929, 719.9651762006985
2043.002151015249, 706.0925334037117
2047.4345601555508, 701.7514966567658
2052.533275379887, 705.114537027595
2053.6421016301165, 710.0282248044527
2054.3133628595215, 718.5896369628846
2054.3697678509316, 727.1589368755277
2054.1490065010607, 740.4457965967972
2054.5168133792627, 749.6539620469047
2056.1558079405613, 765.0588332740326
2060.6911811266195, 776.3568701297664
2064.2880048531506, 785.309898676433
2075.3363366164745, 781.0986901156152
2081.4315185748173, 772.2368610765028
2088.153365461545, 765.0811748089939
2100.4580838255324, 764.7112177690044
2113.6978766108214, 766.2566208834387
2121.1023751248417, 769.3762920280483
2131.9007294881744, 773.9528102470024
2146.3730984378026, 786.5174926823117
2146.8181283516924, 773.3349218759149
2142.871838217639, 757.9595551176033
2134.588670271897, 747.6618561705235
2125.508528431144, 737.2500192711876
2123.2596649531442, 728.8558701628227
2125.0808415233087, 721.4941642560582
2134.740156125324, 716.5509720103838
2138.036003074251, 715.9520995249247
2140.502667686, 718.4355059610468
2141.9956463576887, 724.4898910543624
2143.782169091669, 730.9450593841569
2148.1715263899446, 735.3431864240509
2152.8702262939137, 742.5710563110625
2153.5018785417647, 750.2561175456331
2152.7489539534035, 756.9231467160181
2152.7722173917, 760.45805488028
2153.0133141414985, 764.4330997847978
2155.4968069408565, 771.3500215694531
2153.9954302633255, 776.9931348406774
2153.8409841937773, 782.7529868882879
2155.321575002954, 788.6263373375025
2161.3400165717876, 797.3871604750112
2169.0766706650297, 804.2523215304404
2176.556912105764, 808.2653982062143
2191.389687394205, 809.2919575704159
2202.7266080726204, 809.1476329698982
2205.2517047809533, 807.9105344952029
2209.2633449102864, 803.8423288048057
2213.805635993211, 792.8047157801709
2216.9940785694575, 785.5880166606398
2224.653992271361, 783.7670963909758
2226.9771185689283, 783.332843488119
2233.8069168227066, 785.6949064044893
2236.8582241613635, 789.2980329906926
2239.7931821271277, 797.0270524724057
2239.8510994034364, 805.8639817860671
2239.160532414652, 817.9241889797659
2238.0665394209527, 827.0431588415553
2238.493261040088, 833.4655396916877
2242.370243501774, 838.2362245981245
2251.6612685794094, 839.5290916332476
2256.1738609696918, 846.9314727738856
2265.000550375887, 863.0139661300901
2274.987097585849, 878.6772999099921
2285.2458559953784, 891.5023635427605
2296.6224178312727, 897.4308003681108
2308.281583799998, 902.1405150585894
2315.260872979782, 902.456664816476
2320.5145169180173, 905.6288215106679
2322.903475851557, 915.3151981107748
2323.2287135320817, 920.574540111912
2329.946602738064, 925.3472289351614
2336.3972037157537, 933.7675995014974
2336.9427201036283, 934.7397120377915
2341.6063157029876, 945.8101125396648
2342.9027617518022, 949.9707968316492
2346.251570831668, 950.4102940236767
2349.400887072539, 955.672919038083
2350.1587668062703, 958.0337028579968
2349.6691727654556, 962.7486192040058
2352.9066197937227, 968.7807053984238
2356.7336003405917, 976.0190638662003
2357.653358861013, 983.2948571954923
2361.2051036403445, 992.9667800148496
2365.5657275328504, 992.911011454422
2366.3790469711203, 983.9934138524582
2365.459320626623, 976.7176631592303
2361.9545853700633, 969.836769231442
2361.934282146059, 966.7610563315516
2362.4713683539962, 960.6483018512548
2365.5513769188415, 955.3069271956549
2371.4262801716645, 953.9464812819716
2377.021989978033, 955.714916004477
2381.4603195505774, 960.7014269490653
2391.4300063988353, 970.8843483980844
2394.137767760383, 973.2601829084887
2397.419746739652, 975.2267068775504
2402.716957338358, 976.6323901299858
2410.8525971114186, 975.4175905541878
2416.601755522711, 972.4520504065686
2423.018185306738, 965.6223202958425
2428.9520032986657, 955.5843629955696
2435.147671732823, 950.3636923139169
2438.602405074565, 949.3561914714073
2442.3447298704323, 957.0209150878292
2445.15597009801, 963.4124271005609
2450.0452821926106, 970.0985147950615
2450.5259312332137, 970.7557566699256
2455.1677435014226, 977.1027135257738
2459.211527717416, 980.78322538701
2460.0426728060906, 981.5401940694445
2467.002656226496, 987.2357502517636
2469.377747190377, 988.7555714564554
2478.1005072602866, 997.5511859904386
2486.052484915507, 1013.2387799451395
2490.1636140523715, 1019.8363115995501
2491.76254916369, 1025.9674424172467
2492.7317947804836, 1033.024766243346
2495.0667941184597, 1037.172318487101
2497.8458259057, 1038.7439430570828
2500.858039083077, 1040.63372129934
2505.064216906034, 1048.6139977614841
2507.648710999651, 1055.6509839718583
2512.1167392630086, 1068.447822229843
2519.30343664328, 1073.497946853007
2527.3875943925477, 1074.6799589515667
2536.627137446391, 1076.1689539549213
2540.583337871186, 1081.2604359986744
2542.0208768401653, 1089.2754185827416
2541.3813092308224, 1097.3173474451362
2538.2438660321895, 1111.4969305132777
2536.2568529945897, 1120.5483214965068
2534.455979646601, 1123.9559596651304
2529.258290233179, 1129.2848844567932
2523.4739631654284, 1133.812242775498
2520.646924390791, 1145.9937934889485
2520.177633572151, 1163.0031620378481
2520.3053733429315, 1182.4342419889792
2522.153256213692, 1198.1999460390691
2520.17715092963, 1207.131954783295
2517.8916386861965, 1213.2335811345986
2518.504982639293, 1218.0842947786853
2524.068001360974, 1224.0855547717665
2527.313846393255, 1231.3317583601142
2529.1508536864026, 1245.4779144003655
2533.607523729626, 1259.9953065722154
2539.810624879095, 1274.895148284056
2551.550006275554, 1291.7490214649572
2564.4175196797923, 1303.3251763048977
2574.9248075562623, 1309.6681679656083
2578.452806252947, 1315.6956494166607
2575.303490012076, 1323.0232461112425
2567.204499006278, 1329.1996142701146
2560.267779024169, 1335.36093174092
2553.670164695902, 1348.8052054748725
2551.136669981727, 1358.1268693265843
2549.043217860147, 1373.0962085568226
2550.155519148601, 1384.3293100014605
2552.932105539995, 1402.9319624685872
2555.423513700844, 1413.3437993654995
2556.1952614042343, 1420.4922800630893
2556.3269266780076, 1427.7922909311162
2561.424161793369, 1430.9408696348014
2566.8495626312815, 1431.353463189413
2577.210802442217, 1428.0074774210393
2588.72842502418, 1424.9677923780162
2598.7431586418847, 1421.4650321451884
2609.1915317774206, 1413.779970913041
2616.060424192479, 1405.6580559490606
2623.831732121905, 1394.4721957624106
2630.141754999705, 1389.089506324709
2635.898346128139, 1387.2482484368963
2640.4000629408083, 1387.511955278841
2645.1552000139404, 1391.307244638138
2648.0787997577413, 1397.214704299535
2650.916231465641, 1407.6219790891453
2654.196730335935, 1415.1318895218612
2659.0692142447556, 1419.246654285954
2666.256909089652, 1424.4568363844187
2670.2026844034317, 1427.9412202774233
2672.4169262211713, 1431.2865238615047
2672.4391921966717, 1434.6607349998144
2670.03784540062, 1437.90439313164
2666.2519539442815, 1441.1663849623783
2661.7546774548787, 1441.5455514890998
2658.8558534342737, 1439.3330148287776
2654.7927312829775, 1435.5291981670407
2650.519723359423, 1434.9414538129981
2648.4505643185175, 1436.0926397102207
2646.523431308723, 1441.2582240157376
2646.572435758915, 1448.6487948430904
2648.8629031477194, 1446.0486069920944
2651.395432573194, 1445.2129313021067
2654.0709854944043, 1447.4011651491428
2657.027244146968, 1452.397525126268
2660.6616819276333, 1455.349933225658
2663.906046852768, 1457.4509327627009
2667.0598034169066, 1457.5178294545453
2669.2804804871635, 1455.9894809474142
2673.3346898141717, 1452.6172737234933
2678.0091609911447, 1449.986259673584
2682.230172072461, 1448.5399011848522
2686.5081351413855, 1444.093893336318
2687.725395403016, 1439.7613838942355
2688.611980194399, 1434.1799230232614
2688.1090330042002, 1427.9740077570855
2683.2226811257215, 1421.2328336864489
2675.8726570275385, 1408.7770875478654
2669.6037232402678, 1397.7906383402924
2666.4836230476885, 1391.1898663135237
2667.66323708109, 1383.4628081125595
2673.3148692345185, 1377.3920079625927
2686.9799035317965, 1373.8190680270748
2702.6898359652296, 1375.6419495774876
2710.570543194757, 1381.628116246438
2722.8272223935946, 1387.5296494319484
2736.2145433515643, 1389.7867838852183
2758.010744920882, 1388.6985721207664
2772.5420286096155, 1388.1075447534545
2797.1940023575125, 1379.2909956915817
2815.1686611678533, 1371.773837052883
2824.9957749888017, 1363.146807299063
2831.8760578017473, 1348.4851331603356
2835.2600033621466, 1332.6538541484986
2836.1896399955567, 1327.2665599650072
2841.92444779284, 1323.8280955998937
2845.703421352312, 1329.2816469245777
2855.930518317703, 1337.2474269723316
2867.2833018950264, 1339.531465065441
2873.2809575973347, 1338.694467645356
2880.6770581055134, 1341.5353812575306
2888.341926952788, 1349.1489410568909
2895.5494101995846, 1357.4112154286754
2906.4744746931483, 1369.4819538392026
2913.663167000841, 1374.8528329636188
2921.340906353149, 1384.3942454125563
2923.9506588143117, 1395.2855725535012
2923.5358424115093, 1402.3606331711958
2923.1234714063835, 1409.7557661058506
2920.4266177983727, 1420.7153116711602
2917.520361060626, 1434.8909721802283
2914.8556515392747, 1450.6704051882878
2912.1399748162353, 1458.7378733219375
2908.51200446584, 1468.4242499220447
2906.7789265071483, 1475.7255825225918
2906.759138105248, 1475.9768395054466
2906.324983767142, 1481.558257737933
2907.4823640027957, 1489.0833041332671
2912.031572980759, 1497.7653776271586
2913.3666305483325, 1504.6718534646895
2914.8081271962287, 1513.3290272355543
2915.1046636505657, 1523.2863162499482
2914.717551012985, 1534.5377513934989
2914.5928036342502, 1550.6051514231492
2914.0091905497206, 1567.0005115239712
2915.4615627770586, 1577.2641438973558
2919.0054243708228, 1589.7500766890482
2926.3366575317295, 1616.6471514618163
2929.767644790825, 1612.104699818981
2932.9600128718926, 1606.2799123578513
2937.7904102273883, 1603.9690132609667
2942.6336780879174, 1603.5852846269431
2947.7200054497416, 1605.12676517988
2955.1438097231417, 1611.1365524778248
2953.238492220422, 1602.1638684997254
2950.201052853253, 1596.419067140182
2943.9306389570065, 1590.394868702399
2942.054987971005, 1585.9199959357002
2942.0445950377425, 1584.3135799692436
2946.8834225731753, 1583.287660150847
2951.0599017053196, 1586.76880366907
2959.6648322951905, 1596.940554353032
2962.999290761047, 1612.6426020884821
2965.6035732565647, 1622.569704449768
2968.4019108031853, 1627.032724264694
2972.09378321398, 1626.9848434584776
2975.7722702994674, 1625.009792186976
2976.9771427004143, 1632.7060241866034
2976.9939708861934, 1635.2766649327189
2976.5835948103168, 1642.9932345529182
2974.327781257696, 1650.7340643479165
2971.1378907483995, 1656.8802884921672
2970.067161194826, 1669.4252302214927
2969.648387113107, 1675.8574601065857
2969.23553346363, 1683.253232587045
2969.299403348106, 1692.8917283809358
2968.6370549429885, 1697.398749079068
2970.726517207898, 1699.299655452742
2973.4803228035175, 1697.0150204474683
2977.61027505724, 1693.4276267336243
2981.2313275107676, 1682.77770753815
2983.2208181201386, 1669.5780821268738
2984.0757092914596, 1659.1859432998817
2987.0324827642985, 1652.8199705584054
2987.460169672134, 1647.6734021385166
2987.396299787658, 1638.0349489806897
2987.7938053585012, 1628.3898871651081
2988.4180248910393, 1618.1000759722401
2990.473348138211, 1614.8603404019113
2993.6949322675705, 1613.5340037004105
2996.2225065476737, 1611.894800256716
2997.572912193881, 1606.736464157182
2997.30163410709, 1600.6348378083019
2994.2320184736786, 1590.0708311903009
2992.1172978430523, 1584.314219517472
2987.65026704249, 1571.8394574908366
2982.4678935317775, 1555.8402758855516
2979.6185566057156, 1543.6665702902485
2976.9954509951685, 1530.8473904973025
2974.423827408414, 1525.738896484734
2971.6230122881943, 1520.9550795324915
2971.8091519796344, 1514.2053781594152
2973.860002725785, 1510.3228118540615
2977.0776291743987, 1508.3536870584462
2981.3659851765865, 1493.8395352613777
2982.6549985100887, 1479.3634578692058
2986.204297893574, 1457.7893814170611
2988.1730026364194, 1441.3769667089362
2992.7217289718606, 1431.358025296715
3000.0, 1421.7680924933331
2999.0654082212195, 1413.6041805629584
2997.1838368029753, 1408.1657225624053
2992.53311170865, 1402.762695506555
2989.721903656996, 1396.3724625878563
2989.4362749561965, 1388.021632175982
2987.429473516696, 1381.2680082438321
2982.9436196011047, 1383.285056481728
2982.2684006909544, 1385.8642245302829
2980.9115597940586, 1390.058975395962
2976.0856027636596, 1393.0120656796444
2970.7869120559785, 1394.3652633849208
2966.9450660748266, 1392.0170146986482
2966.3614529902966, 1390.427653339495
2964.428882190781, 1377.27787001276
2964.3269156096508, 1361.855944178329
2962.614655695238, 1347.0971440585845
2959.0940575379414, 1338.1447550601463
2953.036006987553, 1329.2251961798577
2943.508389837063, 1319.0646162633761
2941.6282985277944, 1313.947552312304
2942.966348485584, 1306.8613635631928
2948.9545765415014, 1305.1782018723554
2957.216443800443, 1298.324893768699
2962.0324905401008, 1293.7647479703323
2968.6642760638597, 1284.6831703339947
2970.700776196002, 1278.552039516298
2959.6529592529528, 1282.870137818542
2947.680396468187, 1286.879291935242
2939.8293879313014, 1286.0153908728942
2933.33473764879, 1280.9574211315828
2924.2961675429165, 1274.9672892674946
2920.572633686154, 1270.1952826285376
2911.2588599886676, 1257.4614185033233
2907.0591174182273, 1250.4454094569023
2904.6839942784222, 1240.1936300377138
2903.494469956109, 1234.7459625504289
2891.5323322823597, 1240.361532631162
2875.6288274403446, 1243.1348673696232
2861.662365897036, 1244.563531705248
2854.39944294753, 1243.0850252826583
2845.8559046703635, 1242.2296515251737
2840.104751331651, 1244.8737976233122
2833.458132551362, 1251.70676810882
2830.9666922145884, 1258.8080501844856
2829.4979744458215, 1262.4944885216082
2828.951460593322, 1268.1946494472932
2826.2145153594065, 1273.049967834746
2822.069697671401, 1274.388114849532
2817.9145192278856, 1274.1198032642214
2814.7691606677604, 1272.4195869660812
2813.272224315326, 1270.0017981253468
2812.61235348198, 1266.1546627646958
2811.8391578473675, 1262.5869671207718
2809.4704699600798, 1253.298090748722
2804.2396068176195, 1264.9332971623594
2798.5538034705282, 1277.537972649674
2790.353811170471, 1293.7089794099045
2784.4645573036396, 1310.493355072408
2782.047894606708, 1317.2161528056445
2775.952712646536, 1319.0639340790842
2763.6242481999025, 1315.7940544917108
2755.456432164258, 1313.542206966099
2749.58004880246, 1308.9046332590594
2747.7143402831234, 1305.9292867149675
2744.914490451604, 1301.2517199583463
2742.91364162027, 1301.0634797443263
2737.868403347147, 1305.8407306748775
2730.973255099918, 1309.9994110476257
2724.501868255702, 1308.3680953581425
2709.070131804098, 1301.0674023033998
2698.276249941786, 1297.1349939135043
2689.9569480508853, 1295.3134340956121
2682.5791558356327, 1296.2645694655293
2671.3491568837185, 1296.1937075785472
2661.150761148174, 1292.3721967637025
2655.9189005410894, 1292.4390934555472
2650.129167859542, 1296.1569975398113
2643.7661828508035, 1301.0962672239882
2631.8505720554754, 1301.653185381541
2624.850014364815, 1298.099261331651
2620.439388557492, 1290.4633599997535
2621.880885207217, 1282.9016462017473
2623.204552375075, 1273.672460951623
2623.1605030684236, 1267.0323354186537
2622.669428920463, 1262.5397258627836
2618.0623026643616, 1263.6692950478246
2613.0027137790585, 1266.3048712050359
2598.259034566715, 1277.387082022618
2593.0108605941255, 1275.0250191086711
2580.8769338429443, 1264.1087496037883
2577.87662588373, 1258.398739643143
2573.9352587172934, 1243.8813474688693
2572.060122551566, 1227.9261241083032
2571.313150571372, 1219.4926214961615
2570.619140722116, 1207.5045126498376
2570.683975895292, 1194.0071138180745
2572.5779351760484, 1177.9160931594301
2574.4609867032677, 1160.1104450603834
2573.261069447691, 1145.3227800200507
2575.5143732507872, 1134.363234454741
2581.5070738077247, 1117.2830466524995
2590.1159620783424, 1100.1700713730195
2593.1776623484325, 1094.9113262816231
2606.8882260595074, 1085.1449635823535
2613.915007406414, 1077.5576252409644
2613.8175133244745, 1062.777165770551
2615.596120696963, 1052.4715790692599
2621.054695263914, 1040.4048058514463
2626.5622742810565, 1028.0487438843695
2625.9514078997313, 1023.6034182201275
2618.6845272676505, 1023.6958968217149
2609.096997913431, 1024.6273341217118
2606.1689578445344, 1021.4263125069317
2604.3666043875705, 1012.5421845689223
2607.2015585237, 1001.5753907952057
2610.6181951687868, 990.6014340876338
2609.367761178119, 977.25752670948
2605.1868417227074, 960.3072097318538
2596.103739665833, 949.4919461334215
2588.215599720993, 943.5195510609285
2577.742965680707, 942.438544866396
2559.416362889244, 940.6471716991887
2550.1144300580713, 940.7659143923872
2542.2391606182646, 936.817090943417
2530.8547155968026, 929.6744940880733
2517.427817833202, 921.3440012943475
2505.1656686687197, 913.4024387877519
2495.7919827675037, 902.5904581977416
2489.317635707167, 890.5276075414255
2482.517568320126, 873.2053722479085
2480.4142059114624, 862.7056614927748
2481.2225702043615, 852.9792918430863
2479.995914472265, 843.2785041031409
2478.5267140591473, 840.867878196262
2472.462228256242, 847.0173853513583
2464.920111858453, 849.5427887562981
2460.56540839819, 850.4073293644507
2454.421254165579, 844.4126353954839
2442.084874357453, 825.1363259919951
2433.343323348438, 822.0087670907503
2418.5021178800594, 819.7680476965556
2406.8751281757477, 819.9156553103422
2401.9175058715755, 817.5496698348983
2395.749541200811, 807.9111740410076
2391.9517767040634, 805.1253894434561
2388.7544212998714, 805.1660220412658
2387.908925599017, 809.2250182425075
2389.431120318998, 819.7319772036244
2390.366709562403, 829.4367301411313
2388.673240585266, 837.1506562962899
2384.65120752267, 844.4893811198651
2379.4559956810185, 850.2236512601562
2376.628924730457, 862.4052446096706
2366.2518541983677, 875.8973991498397
2360.461606696546, 879.6146210498117
2356.717254797333, 884.9258516907904
2353.7941698738073, 891.9136353624281
2350.5750633162183, 893.6682984908994
2347.0104480300242, 889.6434114994165
2344.9560900715533, 881.313558253919
2341.960254613359, 870.2116493664166
2341.4969164047147, 868.3310379724039
2340.8108219169508, 859.0854802992684
2337.21695840654, 850.5614603662882
2332.401909129678, 843.5526568922099
2329.4050762068596, 842.7622611818852
2324.4474539026874, 840.3955935221487
2318.9324421684023, 841.6806154391243
2313.7134520681807, 843.7711263929789
2309.332042307321, 840.5877989313065
2307.613829782912, 838.1076755060298
2303.6957260566014, 829.3488136492696
2299.4751976178068, 819.1193331241312
2296.481324912938, 808.2306068097397
2296.134303899433, 802.2365950226416
2295.9184976931047, 792.812603536806
2295.280892837087, 789.3925155066688
2291.228163619053, 781.302705838058
2288.1154961436155, 775.7717692383412
2285.908687043017, 767.6590211250285
2284.0276304450476, 762.3268559561604
2282.457428737671, 757.4190520191254
2280.275878004618, 753.1619665689035
2276.773620319829, 751.9307519340307
2270.238363591138, 747.2905773980139
2266.988560876283, 744.3322428251611
2264.657004398778, 740.7199493882898
2263.7021093978224, 735.8043003306836
2264.9074966190437, 731.9322652445818
2265.653985954888, 728.4950799735012
2266.2331587161507, 722.9175843000885
2266.3658214545485, 719.7021089045587
2264.6500865019107, 716.0819703495399
2262.172031492274, 713.5421558023378
2258.208880994688, 713.7034923740948
2253.8646026436118, 716.1875809969326
2249.5015011793357, 715.8386011233202
2245.68539621008, 710.2184689328617
2248.1278320948322, 706.6500911070692
2250.393041114261, 700.1942832290464
2255.5575568004742, 690.059242586244
2256.8926465421437, 682.5440878619339
2256.546108174818, 676.5493938905437
2255.6036010345456, 673.5621943971029
2252.0389857483515, 669.5366678573918
2247.1055921711763, 667.884971913696
2243.851349133053, 664.2838492443053
2240.8911327997434, 658.5370866064368
2239.321928556991, 653.8437869726092
2239.4323253198886, 647.2003784312184
2242.292023003289, 637.5232113202668
2244.5775352467226, 629.6629992838416
2247.109582027846, 622.9992531218785
2249.409412709364, 617.1429572775434
2253.1517696793267, 605.954453628276
2257.7826741958274, 598.954220095125
2260.59291696061, 595.8338667637997
2262.3081370911436, 593.1353164738179
2264.5906891184554, 589.2501493419104
2265.2851816102334, 584.3705707772352
2262.557149202434, 584.1337675751302
2256.7258126119123, 586.3501841560388
2251.0043901399367, 589.904790390221
2243.1796052592977, 593.6475941975124
2238.269989940693, 598.5678479984845
2236.4532858715497, 604.4031666764429
2234.0945082750027, 607.2040446029723
2228.589406829631, 612.2016836765539
2222.7704581016205, 616.3459529094636
2220.018647431593, 618.9520245978582
2216.6322242994224, 623.9444620183332
2214.6635195565777, 634.0912703383569
2214.8689650055676, 644.4454200325803
2214.237795400238, 652.4472705708421
2213.4982561371853, 656.9556130014948
2211.85379161207, 664.2608681611159
2210.6568345726146, 669.4179251641931
2208.8544489415553, 676.0823535080249
2209.5029293751863, 681.2164294303362
2210.9072946151273, 684.1977024503145
2213.8561527283027, 688.2311167442369
2218.1915182532625, 692.4613411882596
2220.6918714143235, 698.4284919715818
2222.277421200334, 705.6924323491012
2223.638702422326, 708.4801782274012
2221.990312392388, 720.586347585055
2215.599108799983, 731.2723799071005
2207.1209205144382, 740.3782177206605
2202.2840557305017, 741.7255315861147
2198.6634859213236, 740.860990977962
2193.022246701158, 736.8616858962221
2188.0790071869183, 730.4766972691176
2186.9528379306357, 726.1723705609076
2184.578229611105, 715.9192694091987
2184.3009989161474, 708.8521391817795
2184.729200644257, 703.7048885775985
2188.611620893835, 697.5494975826798
2190.4174493853657, 691.421010230024
2190.7951665543087, 678.5611552032046
2190.973358708332, 670.5245132684685
2190.446665433658, 660.5685459865946
2189.259618684944, 655.4416756366259
2186.6815598438443, 649.3689142059106
2183.8624042547744, 641.6917407279751
2183.5748128024784, 633.0181519004595
2182.8322811455505, 625.3147143284891
2181.3744389543963, 614.0849385331841
2179.692360375147, 603.8226278923197
2177.7979184518695, 596.4550381481563
2174.0580712296014, 589.1110690305633
2171.0438953007288, 586.8992145569566
2167.401027338297, 582.6605054441347
2164.4784572350454, 582.6972154828705
2160.8940213710266, 587.3492003321726
2158.154566387587, 591.8831246725682
2152.1866093779204, 596.7790756602544
2144.8118095565424, 598.1578979089138
2141.126404572359, 599.1686817646926
2138.3869495907484, 603.7026061026646
2136.820222919767, 611.1141540963941
2136.195005924433, 621.4059265675877
2134.4104781197025, 629.6577549922474
2133.5382439404984, 631.4747100667738
2128.6578446720146, 640.848859468068
2121.430058201214, 647.0134173136548
2113.010784658432, 648.7398977058301
2103.3945218984422, 645.2181215873737
2102.1163841443818, 644.2217062377935
2102.3886596939687, 638.8672421724518
2103.4940430855554, 631.4615780209682
2103.447998849655, 624.3918043309318
2101.1090096550092, 619.6007818063465
2098.323542615252, 617.0655293688701
2094.401030739769, 617.1147319051834
2089.0879572403255, 616.218043365597
2086.060942982343, 612.0783788760533
2084.395692588873, 604.3867516197919
2080.003375076305, 603.1568587150159
2077.5361956424526, 603.0328717302231
2072.618664964185, 606.7389655012021
2066.551218945159, 612.4844064065503
2066.3645966111976, 612.5736019948683
2061.133733468738, 611.1089098048
2052.5030618669703, 598.0863964737034
2047.831068261769, 594.9063520228765
2041.1453231442763, 594.9909855038925
2036.8059999385703, 598.2851252684883
2027.8555606200941, 605.8311488277756
2024.0364632587932, 609.8967110531318
2022.6657543904105, 614.2548024073807
2017.7636039667009, 620.390537968443
2013.349985765504, 622.4593895740524
2008.1542591035782, 621.8821764368384
1995.9094851229029, 619.6270032643174
1964.0064614659088, 611.6552967406769
1942.8656582289175, 606.3722914744818
1914.934697895626, 598.9594643867192
1910.89184679058, 598.2071004476506
1905.7956413157676, 596.2589101799248
1905.7446419363257, 596.4530768674076
1905.2694306854435, 598.6544427602494
1905.2332967402847, 598.8236670862177
1900.3959493138268, 621.236062693391
1897.8911558276695, 632.8430010986048
1903.644786738153, 636.8121621633
1906.3926397274347, 645.4011175097996
1912.5962235212544, 653.0894617552156
1914.8683504393796, 654.7922788799093
1915.7544204104886, 669.4605616788153
1912.369477385464, 685.2944415172061
1903.152232483046, 698.3681186653645
1897.9465955303788, 702.4828834294577
1881.7767999246967, 703.83083684314
1874.453964769632, 710.8789938209948
1871.5293997371305, 711.681199844605
1868.8785581872673, 704.8934667002727
1866.1376552726058, 697.4294757954481
1858.6168073856925, 689.620427576085
1851.5900260406145, 682.0167168116852
1845.165648719171, 677.6441716791102
1840.954033106493, 669.0912868255417
1838.3932850973515, 659.7499249039096
1836.4458810413064, 656.0248152473025
1831.9312937217742, 654.3278819624312
1826.0935540546593, 650.7575854919539
1817.3678337686279, 650.0583466506959
1811.834513739589, 648.508978341124
1804.8101777903573, 641.3099733747006
1799.5327877694758, 634.49337530978
1797.1754902800756, 629.6643210139384
1794.2583579647157, 628.0815256788998
1784.0842231320921, 628.2107143192229
1779.7082511609533, 625.8368410871437
1775.004081291339, 617.7982378740822
1771.4973511055298, 615.0084880789695
1750.0026089581668, 617.710321379797
1736.924212317046, 618.2810111289602
1732.9046568262208, 613.1462530247803
1729.4157522908158, 608.9049004493411
1724.7818553840987, 606.0174277610469
1720.737073703481, 604.9974344185364
1717.6743759669366, 607.1791022414578
1715.7834090800545, 612.023932048146
1713.4320641988202, 626.6771215204975
1707.4334110337163, 642.949859005111
1702.8272500663159, 649.891723151281
1695.457405388479, 650.2065938127109
1686.1055028184135, 649.2003720642344
1681.2676727457763, 650.386946270096
1678.3886371289007, 651.2265871527978
1675.0715216690983, 655.6076595878126
1673.364184722303, 659.1648240124841
1671.1831488095247, 665.6370469471582
1668.3575579679382, 668.9548499792354
1660.2635221056817, 675.9406723701243
1652.4332994353217, 678.8747041321144
1646.326244434741, 678.5473836091708
1641.6453380034231, 675.2073243166838
1639.228160486217, 669.7649437570569
1637.7930990908376, 656.1232203247762
1637.3505467487187, 647.2902562038286
1635.57145673188, 639.813772799003
1630.3098974339823, 629.1670939807345
1624.4993467099855, 622.8122920067385
1621.012437102001, 618.8392083805461
1615.6612669077315, 612.5296863837897
1612.117437488063, 604.0712414101336
1604.1892059173178, 592.0241236261766
1598.6321076278791, 586.8309961325917
1596.897066917691, 577.3624068513852
1598.3633071146876, 566.362186052202
1605.2015033743082, 553.4197014587556
1610.3125742834038, 541.0341350228621
1620.0590222100207, 531.8043102220855
1624.664185712796, 522.119255354499
1626.3630924778254, 515.2141438855524
1624.592915287103, 511.1872529796807
1621.9475115251316, 506.76618749266106
1620.745116697785, 500.7078798426955
1618.9427632408208, 491.82243017216564
1615.4493862043955, 491.0569341872914
1612.862414539008, 495.5436172696989
1612.0297893431873, 501.6281463776356
1608.8720750983036, 507.74158304222436
1604.244645620027, 511.4443937999342
1598.446965402893, 513.9474983059768
1592.3606962688377, 516.8592311690696
1586.264549021794, 518.1507764740959
1580.770323154035, 522.6748517795314
1575.8607078354303, 527.5957877623721
1572.115905469621, 532.9076153130917
1570.6719312462963, 533.59832685191
1564.8688132412697, 531.4317523579665
1559.4572481970908, 527.2146599573258
1555.5767906990095, 521.9073945139085
1551.138461126465, 519.5525371698809
1549.635089521514, 524.9287032219555
1546.2006272241936, 528.9896607039459
1542.1112814184794, 533.8246414732502
1541.599421402164, 534.1033990056851
1532.3079136801782, 535.8410075268536
1521.5605586962877, 537.1922439513814
1512.2903194851779, 542.1682663127816
1509.8563137803628, 543.7123903307593
1506.0931709438746, 541.5503779416941
1499.8965050450931, 534.9331908558505
1495.2680781021925, 532.8492459261105
1489.8896867870512, 533.7203525583777
1487.0403498609892, 539.1135305792677
1485.8592557204422, 545.7425279808201
1484.0603451257784, 553.8828192822007
1480.4486881408884, 560.3570034976234
1478.760174309122, 566.8062879875954
1474.0599621202534, 553.741777690105
1468.4068498596791, 542.0279069074015
1461.3869542337152, 527.1175766147962
1453.806226318996, 514.6250777989894
1448.986736718867, 508.5510372742412
1442.2693301572353, 503.77702671847146
1433.5277791482201, 500.64818872319387
1426.5514501845566, 500.7367447632837
1414.350210688429, 502.10635752521137
1408.2595012292772, 504.2079966104829
1404.5042737542806, 507.8996792367759
1399.5783450701713, 510.3916129777616
1388.8255201188065, 510.93275562204434
1381.8650540558797, 513.4509534546413
1375.5639761801206, 515.2213494554717
1370.8845498577775, 507.9075243573471
1367.1926774451533, 502.06175973226414
1363.3018270138089, 495.14675658987005
1359.984228911485, 487.68864952486797
1357.0423208729296, 478.88715115106214
1356.79578633341, 470.58680237438125
1355.2122314766489, 463.6429769474626
1349.8284023736162, 463.71119537182756
1344.4742719613964, 468.33231138372884
1341.7808612120282, 473.52872189058274
1334.552109454356, 480.0350540374392
1325.8867840164048, 488.64831219722504
1320.6677939161825, 490.739462699308
1315.4195877658399, 488.3760780504172
1310.9787806233537, 483.8238200086856
1303.5104122230284, 467.5110894744906
1296.6850864702703, 452.8657451202866
1291.0007632321547, 436.3306651598892
1289.8033235483492, 429.6498643930466
1283.0576984030506, 427.3245115178356
1277.6461333588722, 423.1074617556826
1273.3845158313763, 418.33937767579926
1271.2084028880447, 408.99213191434467
1274.958192575149, 394.21299417887514
1283.8695377323459, 374.81470170740596
1297.992922916973, 358.5649453035582
1307.5195747787618, 345.051813599436
1311.0876651013518, 331.8816926545526
1312.1678223013168, 320.61844719529336
1312.804397516785, 300.2539260273525
1313.051414700655, 279.0898423008424
1308.3878512772199, 271.6494293889481
1298.3458643627198, 265.0794835610926
1291.9764762755597, 261.4100998288496
1280.5850811813061, 254.32194980141324
1268.4194608100627, 246.4394388685145
1259.3809228801135, 246.2859474149052
1251.7105840690228, 249.59650223857568
1240.2296102524926, 258.3127275807136
1232.6206637541065, 270.9980713514829
1226.6927983703451, 276.16233392690305
1214.2663250214976, 287.30163503743336
1194.937302886032, 301.47401253323216
1185.6007483945996, 314.71755355558724
1183.9295453929633, 323.84569026804456
1183.6186905023708, 335.0997688766358
1184.0815138907406, 347.14752620639746
1183.742440414652, 354.11633663089435
1181.6777216988426, 361.9102915237032
1180.4896774836752, 365.4287846288904
1160.2998115687221, 372.90394630119545
1156.1104619315445, 363.03717460763966
1155.091214401763, 354.2101369625784
1152.5680804449266, 346.27445829580523
1146.9872360728411, 337.43624988326343
1135.573575003087, 325.8365170503927
1133.4435062938267, 323.5577232464541
1130.4209323591115, 315.9500899229804
1124.9415397497114, 301.28705141566866
1121.7828280402025, 288.73750494297735
1121.1398175703885, 278.5663938096673
1117.1534036345058, 264.9207478158891
1115.0421580384457, 253.20423356814484
1111.83392705847, 251.62467860788792
1106.604544024985, 252.09568418554446
1102.922099258752, 253.36625232419388
1094.5062685746127, 250.64864351251995
1083.9682845427053, 244.6742871568547
1068.5935000787097, 240.04660512326242
1062.4621841752078, 237.55266746546422
1057.8268071595155, 234.39692582792347
1055.4848899246724, 229.1224478641681
1053.2404667717688, 221.11467085002002
1051.4618593992807, 213.74443764081573
1049.069908071867, 200.75603352190163
1046.4750210449874, 194.95814970303502
1045.0676955889248, 191.44029614607615
1042.2347042061208, 188.51871424802314
1031.1254627744424, 178.9399522121216
1025.4609601141515, 175.96716385851926
1019.7632837266518, 167.97251889017684
1013.6804896289921, 155.19205305520302
1008.0511234510642, 141.11935973091084
1008.2516137546836, 136.4556072019638
1012.3785736145319, 132.38544023324158
1017.9015007103081, 130.0660138314934
1026.3866390686444, 121.92312170355945
1029.5448681338028, 110.7936696255656
1033.1803033772637, 102.06891698098798
1036.7231353323075, 96.88103377899738
1039.0066848224155, 93.15592412239027
1040.8283440369298, 89.43669830560566
1042.2916240178051, 83.79294548857668
1045.116185220672, 74.59590816988589
1050.073807524844, 56.211725201104684
1044.573661224843, 62.06669931291951
1037.2295575589021, 68.26668810320922
1032.7604996549958, 72.98360836360709
1027.8756600595868, 81.3843234985103
1022.6774558258903, 86.71452738662967
1016.3031125951884, 90.03429169703199
1009.3584772534165, 94.98140650177999
1000.9916510212986, 104.8061812265183
994.6227455803179, 108.93603931716572
984.1976358830784, 115.14191194485433
978.9890387161192, 118.8526104591992
973.7933120541935, 124.58756278135893
968.0109799138637, 129.51962689561643
958.1303891417027, 130.04964141090608
948.4260277702405, 127.08410126571047
944.252026211696, 123.92243315228338
939.8453580851194, 120.44197181835247
936.194606938949, 109.67198819715958
932.0700924749475, 101.2201092451945
929.4459893997762, 100.03809714905854
927.4243225259926, 102.08861505090823
924.8819149857012, 113.45943243830912
919.9797323860671, 119.5958075475998
913.8830703187491, 120.88735285020245
900.6274468104764, 119.39507483600238
900.6274468104764, 295.30877250335317
900.6274468104764, 296.96959266165305
900.6274468104764, 310.3994552533433
906.495399990508, 294.1621487134327
