# PRESA TROJES
1057.5779667, 343.1891735
1059.7009459, 341.7413156
1062.8155171, 337.6394413
1066.7836871, 326.9639331
1068.7357138, 316.6258787
1066.6173519, 301.3388335
1062.2391437, 283.5807251
1057.2326081, 272.7061967
1057.599927, 260.200907
1062.4540168, 247.638264
1067.1059592, 238.5169633
1073.8213816, 236.2441244
1089.0754943, 236.0520682
1098.7131757, 234.6806647
1106.1175884, 234.8995322
1111.7420906, 237.3285131
1115.8430735, 246.9647989
1117.7454362, 263.5038156
1120.5932179, 274.3492446
1120.6550071, 275.0012706
1119.0379406, 283.9694635
1111.1824596, 289.2131295
1108.9734411, 294.5539428
1109.0202146, 301.7413506
1111.5243646, 307.334707
1113.9921393, 309.2188075
1121.9769421, 321.7585689
1136.3740025, 345.2003166
1150.0318454, 359.2017145
1167.111516, 377.8842892
1177.4607112, 404.6832644
1183.0534554, 430.1254605
1188.8985366, 442.3353787
1190.3042587, 449.8771031
1187.2023756, 454.9546785
1178.8871923, 454.3654277
1168.6459967, 452.6198603
1159.7821813, 455.7322051
1161.441404, 462.4612349
1166.0760034, 471.4034124
1174.2081092, 479.925464
1185.5674031, 488.0319658
1193.9541732, 494.3010755
1201.8142715, 502.4519975
1205.4018339, 515.906973
1208.4996627, 536.8685049
1210.4921189, 553.3440003
1208.7468569, 574.7417748
1206.135871, 587.1506137
1197.8547731, 597.0057669
1202.2427789, 609.3251188
1206.341472, 618.6484242
1219.3432462, 630.8590885
1236.6279172, 639.265588
1257.6560874, 643.874041
1265.4578502, 643.0253327
1278.9169993, 642.8546659
1279.9571292, 637.2161929
1276.6386838, 623.7581333
1276.2910353, 611.7617104
1278.5814759, 591.482846
1284.3520798, 568.1588888
1289.3661232, 552.7203276
1303.7822534, 534.1625074
1315.8322644, 524.2591536
1333.0158805, 517.2921055
1354.8156268, 516.2658659
1373.0399359, 515.7256115
1387.1690056, 523.7310862
1393.9525987, 531.8957869
1399.1653359, 546.8300576
1406.7441547, 553.109066
1421.578394, 557.4206054
1433.4401471, 559.8954988
1438.9445246, 558.8156864
1441.248817, 560.7097354
1446.5874599, 571.3676845
1454.3372312, 587.348042
1454.7720827, 588.4248201
1466.1111806, 616.4666142
1474.838129, 635.4644575
1483.2907425, 650.1760305
1488.4838468, 662.1104245
1486.8113353, 670.0615802
1479.7233762, 675.3480746
1466.5004223, 675.98861
1447.1788114, 677.650759
1440.0758742, 680.5756239
1434.0240283, 688.6836678
1429.097188, 713.3131693
1426.1748914, 733.1926006
1426.4908194, 760.420954
1425.1319085, 772.1885113
1419.9555466, 776.5038808
1410.8347393, 773.0723875
1404.8319944, 769.1962949
1400.0437479, 764.874807
1395.696134, 758.1618441
1385.6749544, 748.9143464
1375.1496263, 744.922652
1363.0366624, 745.0765058
1350.8688165, 750.6308143
1344.2631206, 755.9647631
1335.4380078, 764.9268377
1338.9591637, 768.2573038
1347.5832928, 769.6478085
1361.8498677, 769.4664469
1368.0634315, 772.7624414
1372.7055387, 782.8288515
1380.2653253, 786.1080329
1388.8715483, 784.8736205
1396.1396945, 784.7810496
1399.1300868, 789.243309
1392.4366247, 794.8535282
1386.5522402, 800.6779888
1385.3486656, 808.6934617
1386.3610542, 808.4669339
1403.0901859, 804.7178838
1421.1972232, 801.7379041
1431.2420899, 800.8608923
1434.7314878, 785.5661868
1438.9335257, 769.5131055
1445.3607988, 762.7121479
1461.6273002, 760.6160942
1472.8676331, 763.4514225
1483.7966553, 768.6682772
1504.2715761, 771.0337368
1520.1707586, 773.4565496
1525.5128551, 767.0137388
1530.811031, 753.8220011
1537.2192343, 740.9730895
1543.2468301, 742.5725131
1552.4525505, 750.014802
1558.6222312, 759.8577185
1572.5601524, 764.8770951
1577.1941888, 765.9829229
1581.2345462, 766.3066477
1588.2479905, 768.4677647
1595.2493097, 768.7539837
1602.7744102, 766.7833808
1608.1361396, 763.3404467
1615.1374588, 763.6266656
1620.3455411, 777.8101713
1626.6445812, 794.2290596
1631.0325871, 806.5484115
1631.1405867, 823.0460922
1629.6113239, 836.1903754
1632.3620674, 845.1547879
1640.7361494, 849.5482036
1646.9346976, 850.5950864
1652.3356927, 853.1511099
1658.566562, 859.0712255
1668.8297178, 864.1908832
1674.3081183, 868.4235805
1674.3577824, 876.0212156
1672.0546161, 886.9163871
1675.1657338, 895.8531925
1689.4525047, 902.2853087
1702.7435918, 912.0371465
1715.3318742, 918.0184953
1728.5455935, 915.9606936
1728.7696636, 915.8956303
1743.7789096, 911.5152472
1767.1044651, 899.8808011
1772.6111325, 893.9155192
1782.0593923, 888.8762456
1787.1173562, 880.1873574
1794.8036116, 861.7152437
1799.2938361, 848.5342007
1799.4526635, 831.6584763
1800.6660358, 811.394087
1800.5851769, 799.021212
1802.1733758, 794.8765093
1804.3436917, 797.4730731
1807.6228713, 804.9313791
1809.3017269, 814.6594897
1809.1238672, 828.536183
1807.8735191, 843.1757785
1803.6471935, 855.6037683
1790.9399876, 888.3879722
1783.2906706, 912.4840838
1776.8721065, 918.9398775
1768.845673, 926.5413427
1762.4415238, 935.2477901
1761.7080873, 946.5064805
1761.5048137, 956.6333278
1764.4980966, 961.4698009
1770.9778868, 964.3870054
1779.8734977, 966.1486894
1792.527586, 966.3629805
1802.2923368, 977.4884603
1810.679107, 983.756028
1822.2832676, 988.1081076
1841.9536907, 990.8577293
1854.0695451, 991.0781387
1865.8914318, 987.5533283
1874.7084737, 977.3170473
1887.8667479, 972.2746896
1897.6026313, 969.6184347
1907.9818951, 970.8405607
1936.4658689, 970.0056311
1963.5534304, 963.0477854
1968.0153505, 960.7565915
1974.9554436, 951.6690163
1980.5297187, 939.5991235
1988.7905831, 926.7456356
1997.8865771, 918.0055124
2005.1495055, 917.1637184
2011.9041936, 920.827062
2016.5289953, 928.2677591
2018.4948739, 940.6169566
2019.9537136, 957.8462514
2020.9603212, 988.2053046
2020.1616044, 1009.0581986
2020.155861, 1009.0949087
2018.1645309, 1015.7336556
2010.8409772, 1023.9005947
2003.1830262, 1027.8027028
2003.222292, 1033.8016604
2001.9401858, 1043.567277
1998.4947085, 1051.8605623
1993.9605634, 1058.2926287
2003.1668469, 1066.4243998
2012.6330503, 1073.0531983
2020.2118691, 1079.3314606
2023.7682366, 1087.910169
2025.7508951, 1092.8652781
2023.4639081, 1099.7527381
2014.3349924, 1104.1201384
2002.1417701, 1106.6378601
1993.3368533, 1108.6390547
1986.2431507, 1112.9811858
1974.0435469, 1114.5537981
1962.522535, 1116.1180536
1956.7819623, 1119.9704191
1948.3501454, 1127.1631991
1937.1872179, 1131.557361
1928.0334514, 1132.1466118
1919.2256816, 1133.6756496
1910.0967659, 1138.0437961
1897.9220129, 1143.3953537
1886.4137268, 1146.8490322
1876.0038686, 1149.7050036
1871.6995746, 1155.2011631
1857.4215128, 1167.3819818
1844.3856532, 1177.2976221
1832.7664769, 1184.4452358
1827.06517, 1190.7679183
1823.6300534, 1192.5280105
1818.8943991, 1194.4779204
1812.8055773, 1196.917596
1810.783653, 1198.8330841
1811.2757139, 1218.7171415
1811.5459945, 1232.4629122
1812.3406571, 1244.2021659
1812.2170788, 1262.1179086
1802.8895068, 1287.7468384
1798.1913539, 1295.3651167
1793.1201387, 1297.7917597
1787.6659884, 1293.6103469
1783.5713496, 1289.8826862
1780.5162776, 1289.4495774
1776.8137709, 1293.7488801
1772.0417038, 1311.2123133
1766.8919195, 1319.5277838
1759.3656552, 1322.3164038
1753.2733799, 1324.2839226
1750.2402307, 1327.1567567
1748.2425566, 1332.8511404
1748.0554623, 1333.1166664
1746.9160043, 1338.5317454
1734.0724568, 1350.4454962
1724.9649383, 1357.3114673
1719.5119517, 1357.7813359
1714.5596975, 1357.9443424
1709.9083557, 1360.2539411
1706.3323178, 1362.2995061
1702.3762729, 1361.0995653
1698.5646404, 1359.9417068
1692.7836382, 1357.6535472
1684.616884, 1353.5058102
1666.9631674, 1350.89696
1653.5611901, 1351.0997606
1648.0562496, 1349.7636246
1645.6306311, 1339.1699927
1642.8764341, 1329.6744785
1639.3489341, 1339.0942347
1635.6516453, 1356.7972283
1628.0589371, 1362.0500469
1620.2537208, 1365.1945254
1607.0492361, 1368.6703891
1597.2053531, 1367.3793696
1587.0092043, 1364.2027574
1575.4258403, 1356.3196993
1564.1352427, 1341.3463807
1561.519677, 1334.1329575
1558.7504268, 1322.418973
1555.246614, 1308.2140283
1552.0476926, 1313.0045889
1551.1785528, 1317.2656396
1551.7629971, 1324.2579072
1553.6035706, 1331.234108
1555.4493244, 1338.9602779
1557.8298585, 1346.1798692
1558.3998879, 1350.9222292
1557.8795226, 1353.6787652
1556.4536422, 1355.1970586
1553.7635241, 1355.4817355
1549.458104, 1355.7863094
1552.1845973, 1361.0016221
1556.6840564, 1362.9438717
1559.5705033, 1365.1570195
1562.1121922, 1369.6247009
1566.0982683, 1375.3229148
1572.769207, 1379.9879748
1576.1049954, 1382.3197587
1578.0148658, 1388.8834938
1576.1148306, 1397.4445933
1574.3816561, 1406.716614
1571.0343432, 1416.2587371
1568.9188718, 1422.035793
1566.8305411, 1428.403592
1569.3289101, 1429.7803179
1575.2260203, 1425.9547637
1581.9991776, 1418.8683334
1583.920047, 1410.0669771
1586.2099245, 1397.2823329
1590.9981334, 1398.8970772
1593.9706571, 1400.5462434
1597.2140246, 1402.5672853
1600.3147439, 1403.2774604
1603.8243378, 1404.7330283
1606.2464651, 1404.7016408
1609.0682699, 1403.9157077
1613.3500029, 1398.3521968
1626.5475429, 1393.9319698
1632.0340143, 1396.1221862
1638.0980228, 1397.1698649
1642.0078573, 1398.0567755
1646.4541987, 1398.7501376
1652.0971701, 1397.1782714
1655.0407888, 1394.512068
1671.6803901, 1397.6060578
1676.5616206, 1402.0499622
1674.3329316, 1409.0835659
1666.3417472, 1421.9347657
1658.8836162, 1434.029878
1655.0228827, 1447.3287612
1652.2536701, 1462.8637733
1651.6530465, 1480.6203397
1649.2147399, 1491.9011656
1646.7521831, 1499.4321953
1644.9838346, 1503.4544815
1636.9493302, 1509.8077557
1628.5313651, 1512.4150141
1624.066517, 1515.7225488
1622.663723, 1520.7396372
1623.6743848, 1523.8849116
1630.4851186, 1528.0487652
1643.4089244, 1536.7238747
1654.0595951, 1546.0869244
1656.9702922, 1552.049172
1659.6869503, 1635.8585894
1658.1028055, 1641.6539506
1654.7069923, 1644.0737291
1649.6808238, 1643.8885374
1644.1175477, 1643.9597191
1640.1794088, 1645.5101462
1639.6526995, 1647.2672041
1640.2059864, 1649.5094513
1641.6561171, 1651.7410038
1644.1949155, 1655.7081752
1647.6363761, 1660.4138252
1652.8785439, 1666.0967183
1657.3930561, 1670.2880796
1663.1919644, 1678.71373
1666.5063556, 1691.4202783
1669.1364113, 1709.1355583
1672.111788, 1724.8465597
1676.167161, 1741.0434966
1680.5638384, 1754.4870313
1680.9773302, 1762.7312704
1679.7506691, 1767.2463565
1675.9887007, 1768.2947813
1671.5238901, 1771.602316
1670.1100972, 1774.870007
1670.5120646, 1781.3648486
1672.025148, 1793.0941538
1672.3023734, 1799.6257551
1667.227667, 1801.5802414
1657.0725108, 1804.5456963
1645.9251619, 1811.3030296
1635.7983101, 1818.5195368
1627.6719854, 1820.5138172
1622.2427234, 1820.1105042
1619.5734019, 1821.3601875
1604.9562881, 1828.2055652
1590.711711, 1831.7633053
1580.482603, 1831.8949242
1576.5704787, 1833.783601
1576.2632222, 1838.2627232
1580.2059783, 1842.7403531
1578.986825, 1849.9132361
1576.5473922, 1855.6971565
1575.8064104, 1857.4542144
1573.090916, 1866.9619155
1576.7160173, 1872.8170176
1577.5909757, 1872.0517276
1583.6751802, 1866.7277274
1589.8292447, 1861.0234449
1599.2006998, 1853.4036247
1609.2045364, 1848.6237587
1611.6636395, 1849.2191279
1615.7086143, 1850.292026
1620.4281269, 1851.5439975
1623.8915478, 1851.0702987
1626.4799728, 1850.7159822
1631.8624987, 1850.4588627
1637.922453, 1850.944052
1642.4935365, 1850.1351379
1645.8483572, 1848.5915752
1648.9063572, 1845.5817997
1652.4494358, 1845.2190269
1666.7425508, 1845.6131873
1669.9368548, 1853.6967081
1673.2599175, 1864.2781033
1680.686253, 1881.3535939
1692.0952485, 1896.7057025
1707.0859878, 1911.0124205
1718.9898972, 1919.8581969
1733.7386602, 1924.6687043
1751.1804318, 1929.6934531
1767.6819647, 1928.2310207
1780.5994264, 1927.5652657
1790.6737237, 1931.184985
1791.5827675, 1932.922892
1791.2454798, 1936.1776001
1788.0846981, 1941.6110341
1783.1358975, 1949.0747123
1785.7705704, 1949.4971265
1793.649701, 1946.8952403
1809.6049292, 1944.1899889
1823.911333, 1936.5066474
1832.10001, 1926.402035
1840.3348974, 1923.2965547
1851.2887704, 1924.1552115
1858.5003079, 1929.06212
1867.1556318, 1935.2003569
1873.9992873, 1938.8614123
1875.8421507, 1946.0870722
1871.6129722, 1944.7975948
1868.2015428, 1944.5917599
1861.3867547, 1945.4297238
1856.0331338, 1949.9983827
1846.3954524, 1958.1217473
1837.8330749, 1965.9810781
1829.8089688, 1973.8342907
1822.1573994, 1983.6817836
1818.0881745, 1992.4839357
1814.914104, 2001.0235961
1811.3363394, 2002.8197019
1808.4753064, 2004.3563504
1808.4920487, 2006.8878508
1808.5070643, 2009.1056246
1808.5567284, 2016.6045206
1810.5653639, 2021.8282398
1813.0977807, 2024.795187
1817.0555524, 2026.2446366
1818.8683846, 2028.9705311
1820.5818887, 2032.7585794
1823.1073983, 2037.1964152
1824.1971923, 2043.6384799
1822.4883055, 2049.2540216
1820.4669818, 2053.4484669
1820.4791069, 2055.2851129
1820.5033571, 2058.9477104
1821.2512461, 2063.4375272
1825.5832439, 2067.1315122
1830.0913745, 2070.322699
1835.7043522, 2077.7504133
1839.3513763, 2086.4522844
1842.2840336, 2095.6638679
1840.3418421, 2100.4383616
1837.4900437, 2102.0699189
1836.7658043, 2102.4847225
1832.1202435, 2105.5442904
1824.421863, 2108.3933973
1816.9192484, 2113.739533
1803.6911141, 2121.660097
1797.4371209, 2127.9460197
1784.0628474, 2140.8684012
1775.785203, 2151.09931
1769.080742, 2154.9356086
1763.9835123, 2157.6262854
1762.662741, 2161.3929443
1762.4282725, 2166.6457629
1762.7453267, 2173.765869
1765.2552201, 2186.8573753
1769.9834042, 2209.6700781
1771.2175731, 2233.2771701
1773.2614202, 2257.2492734
1779.6251399, 2283.0404138
1784.2811365, 2294.9793841
1790.7869412, 2301.6448926
1818.3030101, 2322.4089961
1843.8162245, 2345.880639
1853.5191862, 2356.5791283
1858.4090506, 2363.26528
1861.3977537, 2367.3510377
1865.4455814, 2368.7981992
1869.2093141, 2368.0000294
1871.7798705, 2370.0287316
1874.0842005, 2372.4362735
1875.1959173, 2377.6714832
1874.6951849, 2383.3023456
1871.5026452, 2388.9684257
1868.0357707, 2393.887571
1861.8921044, 2401.0918416
1855.7611264, 2410.1702641
1843.7780849, 2429.8239138
1839.764305, 2437.0955358
1836.0641258, 2443.7978041
1827.5555041, 2459.6564912
1820.6344432, 2471.3704757
1816.1084065, 2478.9283167
1811.0943631, 2493.9926643
1800.1681939, 2510.6327083
1786.5375292, 2525.433818
1768.3409239, 2541.7930152
1756.8338015, 2552.0667525
1744.8831186, 2572.8415506
1743.7939252, 2574.7348535
1737.7206821, 2592.4371009
1733.7432775, 2601.487966
1727.8490953, 2605.6892758
1724.1945259, 2609.3618218
1720.9655734, 2623.0280043
1715.6246782, 2629.4716111
1714.6509547, 2644.8581415
1713.4046607, 2659.7487879
1721.4709231, 2658.2687466
1727.9183923, 2656.3104302
1734.3837675, 2656.9761851
1736.519998, 2659.6041364
1737.0980982, 2660.3158536
1739.3192794, 2670.4113133
1738.5644457, 2678.2958637
1745.3895944, 2692.4556918
1748.6774456, 2701.0374345
1748.9996802, 2708.9074601
1747.9503532, 2713.0460444
1744.7427604, 2716.4630129
1737.7969238, 2724.4271514
1734.1238852, 2738.7239707
1735.3187508, 2756.3328513
1736.4455207, 2763.8171727
1741.6582203, 2778.3733996
1747.134894, 2792.1765733
1752.8327098, 2798.8520303
1760.4479414, 2810.3770427
1767.5520423, 2826.0329293
1763.4493327, 2856.4593339
1758.8782116, 2857.2689942
1752.9586156, 2857.721254
1749.2532184, 2867.1432984
1750.8905183, 2870.4966958
1752.5433594, 2876.1000008
1751.7660399, 2880.6097644
1747.5374245, 2892.289327
1746.5036386, 2898.6770231
1744.1236676, 2905.082328
1743.2008094, 2909.5943798
1744.1814401, 2913.7062026
1747.9399549, 2912.1572678
1751.1347845, 2906.8661971
1754.2996204, 2897.0760575
1758.5715558, 2891.7704619
1768.2468137, 2889.3943077
1779.2884528, 2890.0003715
1783.8514654, 2888.0665284
1789.7485381, 2884.2401784
1797.2904185, 2884.8914582
1806.1837021, 2886.2757948
1818.6113928, 2892.8632571
1828.3368779, 2897.9859989
1836.1657813, 2901.259062
1844.5335192, 2904.5244647
1847.7988094, 2909.7313709
1848.9382675, 2919.0906402
1849.0237437, 2931.8385246
1847.8190429, 2952.8528334
1847.1375604, 2971.6096239
1844.3631298, 2999.3935524
1843.381936, 3013.6551539
1845.6694861, 3033.4986214
1848.1060659, 3048.9654861
1852.6032352, 3063.7803745
1854.0222084, 3074.635752
1854.6586442, 3089.2516203
1852.5962904, 3102.7770313
1849.1577203, 3111.821032
1847.5955359, 3119.7155309
1847.4066773, 3131.7172763
1846.3983053, 3141.8548183
1846.5582964, 3150.7732686
1845.8606346, 3156.9650783
1843.271609, 3175.4226671
1835.5726655, 3186.6170404
1828.6221741, 3193.8328015
1821.1813861, 3208.1785675
1816.4295149, 3222.1149022
1813.2571712, 3230.7800632
1808.9731107, 3234.2107606
1796.3444364, 3237.7508917
1785.2981424, 3236.3956048
1775.0794703, 3238.0294503
1769.903709, 3242.4955897
1774.3373623, 3247.7882024
1781.0972683, 3252.199227
1788.6593447, 3255.8503338
1795.1500963, 3260.2643927
1798.6597277, 3261.7184187
1797.9002767, 3268.8530496
1794.1723562, 3274.9017498
1791.5209784, 3280.9359252
1789.1410073, 3287.3412301
1790.0170919, 3297.454249
1792.5056257, 3307.1709189
1794.1509965, 3311.6484991
1799.2955629, 3316.0809627
1806.0456713, 3318.9920489
1810.913613, 3322.3033641
1815.7965327, 3327.8638407
1818.7881263, 3332.3246079
1815.6134927, 3340.6155553
1814.8540417, 3347.7493904
1816.5069203, 3353.3526953
1820.3110449, 3358.5519412
1833.8764669, 3374.1229172
1845.3010411, 3391.5970948
1851.8472377, 3404.2600686
1858.411378, 3419.5471138
1865.7632362, 3431.8251296
1874.7904963, 3453.0797449
1887.9262472, 3484.7795601
1892.8247831, 3492.5891484
1899.2699624, 3490.2550764
1903.5771093, 3490.1984195
1911.6601141, 3491.2169988
1920.8178973, 3500.0
1923.529375, 3494.8107027
1921.5831293, 3489.0244942
1917.4821088, 3479.7042728
1912.4836817, 3470.3962882
1908.8227682, 3459.8202652
1908.331871, 3453.5771709
1906.4491412, 3440.4780042
1899.1400025, 3421.2008563
1906.7621412, 3420.4761564
1911.2656545, 3422.9165781
1914.9052083, 3430.3680196
1919.0148627, 3440.937974
1922.6376742, 3445.8899992
1928.9650186, 3452.6818041
1923.9116719, 3435.2497087
1922.9171894, 3420.8893681
1925.511996, 3406.4816229
1929.8884774, 3390.1759984
1926.6468367, 3375.2203384
1924.8438022, 3360.7031594
1920.9253338, 3338.5072152
1923.338189, 3323.7267983
1924.3783189, 3291.7162908
1923.9186166, 3276.723871
1921.1488033, 3265.2616339
1917.3383346, 3259.0621638
1912.9878301, 3252.619353
1909.1837054, 3247.4201071
1907.8600061, 3237.4379113
1906.88861, 3226.4685238
1904.6611223, 3215.4983404
1900.3071643, 3208.5566113
1892.4112913, 3208.6599267
1884.1965998, 3214.766776
1874.8852072, 3217.8875273
1869.8474767, 3215.9536842
1866.5833126, 3210.997033
1865.0701916, 3199.5179828
1867.8977774, 3192.9818051
1871.0839354, 3186.4402552
1874.2366463, 3174.8999719
1873.7330609, 3153.4088803
1875.0942617, 3132.4687875
1879.5954852, 3117.8352606
1886.8485783, 3096.4918548
1897.5321706, 3074.0931597
1903.1543829, 3052.7619906
1906.4312352, 3035.7133112
1907.984185, 3014.4349687
1912.2209088, 2988.8710525
1912.6961898, 2958.6313815
1913.4949066, 2926.0255048
1913.3742188, 2908.0760864
1909.5579315, 2895.3710801
1902.9591803, 2872.3096146
1898.7501602, 2851.5791869
1892.9154773, 2841.2625715
1882.345628, 2832.896662
1864.8824967, 2808.087341
1851.5296205, 2789.3649723
1846.9706621, 2782.7867124
1836.5977798, 2741.5125906
1836.4966874, 2694.1759899
1839.9652887, 2683.2250072
1847.9466754, 2659.5016169
1855.5630332, 2632.0031115
1857.7853405, 2609.2990466
1858.3403543, 2590.868269
1858.4575885, 2588.4944029
1863.434656, 2561.4918312
1871.3807937, 2542.014917
1883.8379524, 2526.2296996
1891.1424739, 2514.9626027
1891.3013013, 2514.7177198
1896.9598514, 2509.1863427
1913.0444389, 2498.9784149
1934.309968, 2489.2625409
1945.4475192, 2481.0878917
1979.5479243, 2457.9713612
1987.6303285, 2449.3636031
1990.6069064, 2437.9878683
1990.5029235, 2422.4000296
1986.6745486, 2407.8055506
1981.1638271, 2395.1219834
1979.3544485, 2378.1398595
1980.908562, 2356.8614673
1984.1703987, 2337.4519046
1989.8601436, 2326.040952
2004.4114141, 2321.128721
2022.3377388, 2313.8111865
2030.6886968, 2310.912337
2041.8377724, 2300.7694228
2053.2305511, 2293.4350753
2069.5848562, 2290.0992868
2081.6608442, 2284.3191966
2089.6560828, 2278.4204703
2094.1619236, 2275.0961226
2103.9954083, 2268.2890467
2102.1502175, 2261.8692169
2096.9721288, 2259.1241715
2093.4244328, 2259.1700839
2090.9156656, 2259.2022177
2085.1104132, 2263.33926
2076.2962618, 2267.7640633
2070.850783, 2265.0006629
2055.6030144, 2267.0868178
2046.4810434, 2272.4008695
2032.3040364, 2282.5047358
2022.1644589, 2287.8317704
2008.8606461, 2280.6351601
2000.0112831, 2271.5682281
1999.9667995, 2264.9716132
1996.4970344, 2253.2063441
1987.2682275, 2242.4611465
1973.9857744, 2234.1296588
1970.0644155, 2226.6628966
1968.1845762, 2213.8760139
1968.311045, 2199.1881681
1971.3724986, 2187.2752132
1979.5687209, 2171.545807
1986.4204473, 2156.1462938
1991.4697023, 2139.5207747
1993.6446729, 2129.1811782
1988.6115598, 2114.5599377
1981.7863734, 2100.274609
1969.2795506, 2079.4171387
1961.8659033, 2073.3462532
1957.0990165, 2064.9711413
1954.14789, 2059.6976795
1955.0032155, 2053.4369764
1955.6159642, 2044.3677562
1962.2875035, 2035.5319283
1980.673493, 2015.7978946
1990.7535712, 2001.4965488
1993.651017, 1995.1325302
1993.3974788, 1990.7612997
1989.3594488, 1984.0008823
1988.6121228, 1979.5110655
1988.5255204, 1966.5137219
1989.1705902, 1955.5068285
1990.9054915, 1946.485013
1994.8268504, 1942.4352192
2006.9288529, 1934.6807457
2024.1869463, 1928.7896798
2038.8577784, 1924.4950032
2052.1009283, 1918.8250929
2058.1608826, 1912.4978341
2063.343551, 1909.1818928
2071.1470406, 1908.5811514
2077.9185087, 1914.8686161
2084.1574863, 1921.9121684
2089.0346626, 1926.7242178
2096.315497, 1928.5050029
2103.3214335, 1929.539649
2115.6296001, 1929.3169514
2112.8060685, 1925.753093
2109.4679902, 1922.7118802
2103.8002056, 1920.5346963
2093.2673322, 1915.421157
2088.3196953, 1900.1111804
2080.9747443, 1888.5823379
2077.1642756, 1882.2573672
2069.3105213, 1875.2337121
2059.0964665, 1877.6152385
2042.5787543, 1890.2009124
2029.7265353, 1894.7067961
2005.3244746, 1897.3822018
1993.9513288, 1891.5760963
1986.7271032, 1884.7950358
1981.0818044, 1879.2429657
1971.1611166, 1871.1647673
1970.8567882, 1870.9168502
1964.3723431, 1862.896801
1961.3986932, 1854.1864737
1957.7516316, 1845.4838565
1956.3494007, 1837.0650706
1953.7973135, 1824.2865945
1951.2383191, 1810.5706693
1952.0965351, 1804.6229465
1960.8015232, 1797.9490316
1971.0912566, 1793.442352
1978.4506226, 1786.7860459
1986.7704232, 1780.7212788
1994.2747271, 1775.6253483
1999.9477297, 1768.6483517
1996.7078533, 1763.5952496
1992.38738, 1761.651458
1984.1294061, 1761.2573474
1976.5886894, 1760.8540841
1967.6093665, 1759.969412
1959.3311591, 1756.5762205
1946.3409468, 1746.2442844
1937.3246481, 1739.8604186
1928.6052075, 1723.9741242
1916.2993684, 1708.6335062
1908.676629, 1695.7318177
1907.1716164, 1685.2521958
1911.0831776, 1679.7024636
1923.468712, 1674.5192847
1943.1691662, 1678.9900004
1959.1706049, 1678.0854312
1976.3755806, 1674.3654805
1986.0294413, 1668.7422288
1994.9498656, 1660.6280666
2000.6194145, 1649.5569057
2003.7773058, 1638.5171324
2004.8006558, 1630.5047436
2004.0204457, 1621.0161436
2000.6846573, 1605.0602593
2000.5455003, 1584.0642558
2001.8293333, 1561.0502945
2004.9508117, 1544.512024
2011.8932322, 1532.233262
2016.8073844, 1529.0459054
2016.9840803, 1521.8569555
2014.9425607, 1518.4453593
2012.4626609, 1516.6025949
2008.4257946, 1514.5256423
2003.0987137, 1509.5773977
1996.2210104, 1504.7072489
1996.6015805, 1492.7452975
1998.5772943, 1486.1585813
1998.5114509, 1476.1603186
1992.4174112, 1470.6136705
1988.3632019, 1468.1655387
1984.9471552, 1460.3980326
1981.4935694, 1447.0058323
1977.7974444, 1430.8050155
1976.3877057, 1421.1358498
1980.348931, 1409.5243848
1990.6392275, 1405.0177052
1999.1819346, 1407.7206187
2002.9479947, 1400.4857564
2009.3463629, 1384.1556586
2016.4793313, 1377.1901525
2025.8715829, 1372.6957096
2042.7618319, 1382.478935
2063.4671669, 1392.5253983
2074.9488754, 1398.6284672
2085.7306697, 1400.6778623
2103.4438481, 1399.2008553
2118.8995076, 1395.5666111
2124.7232667, 1394.2426621
2127.6518699, 1396.0793579
2135.7995543, 1406.9117542
2141.0307606, 1417.7808607
2150.7470111, 1428.2803795
2153.253451, 1434.1852242
2155.1223288, 1445.4102389
2157.8840337, 1455.9984986
2170.517926, 1466.7727458
2179.3349679, 1476.971521
2187.0483639, 1489.9956758
2193.6546229, 1505.2214879
2201.3841982, 1520.7457556
2206.3872802, 1530.9927313
2208.7198771, 1533.2342323
2211.2459873, 1539.7421065
2217.2175749, 1547.1644486
2220.7444742, 1551.244088
2229.1485874, 1560.1350307
2235.0930343, 1563.4333631
2232.583704, 1550.3426029
2228.9626569, 1532.0159366
2225.3623688, 1516.6890475
2227.6984568, 1503.5363578
2236.0060948, 1488.6678966
2247.8072224, 1484.7160459
2267.4146926, 1475.0177808
2278.2201365, 1467.7936132
2282.5630956, 1457.8183316
2279.1597746, 1455.9724832
2273.0674616, 1457.940002
2266.9601707, 1457.5450955
2260.840154, 1455.2615619
2241.5070187, 1455.0365762
2227.586966, 1452.8532242
2218.3928076, 1447.30195
2208.1348697, 1434.67882
2201.6261745, 1424.8420218
2199.8150691, 1407.386995
2202.4751559, 1399.3225754
2215.673259, 1394.9030946
2222.757727, 1389.1436973
2222.7017189, 1380.6415428
2213.4862008, 1371.7842759
2204.30184, 1367.6502678
2195.1076816, 1362.0989936
2192.3702269, 1358.3553158
2190.9575977, 1349.8699743
2192.9425461, 1342.2869138
2205.0763066, 1330.794831
2216.1653199, 1315.0647285
2223.554717, 1304.1060356
2229.2265559, 1289.862043
2236.5945933, 1275.5966113
2241.2176683, 1256.6423924
2242.1330562, 1241.0423667
2244.3951924, 1224.0082121
2248.3529641, 1206.9526185
2256.9592246, 1174.7209554
2255.7805008, 1150.1725841
2250.5631463, 1130.3995024
2248.4476749, 1118.1444677
2249.7453597, 1109.1525475
2257.2664436, 1087.5902743
2260.6328263, 1062.7212622
2261.7988619, 1039.7891772
2269.1917126, 1017.6980904
2274.1035374, 1000.3884115
2280.0935941, 983.3144629
2292.5837121, 972.1575955
2305.0899343, 963.499299
2310.4014365, 952.4335103
2311.8793085, 931.4176098
2310.5082725, 913.93806
2306.2513527, 894.2446163
2307.1597959, 868.4871018
2308.4777142, 850.4726698
2312.3569168, 839.9249006
2318.6299799, 838.5956291
2324.6714275, 841.2457656
2329.0987367, 848.811267
2339.3220262, 856.2389813
2342.9812128, 857.2835759
2348.7252391, 857.4611073
2357.4828193, 851.8501419
2368.7115902, 839.9593722
2383.5025095, 823.7746223
2388.6736535, 818.7100794
2394.6221546, 822.6336265
2395.9157852, 828.3662623
2396.6989233, 838.3545765
2396.7647292, 848.352093
2396.5071743, 863.8534294
2396.9362823, 874.5962891
2398.8484426, 892.5686388
2404.1397113, 905.7496818
2408.3360057, 916.1948818
2421.2257261, 911.2818051
2428.3367717, 900.9430046
2436.1789264, 892.5947039
2450.5344311, 892.1630874
2465.980856, 893.9660577
2474.6194376, 897.605674
2487.2175177, 902.9449453
2504.1019482, 917.6037415
2504.6211497, 902.2240755
2500.0171446, 884.2861476
2490.3534487, 872.2721655
2479.7599498, 860.1250225
2477.1362758, 850.3318485
2479.2609818, 841.7431916
2490.5301821, 835.976134
2494.3753369, 835.2774494
2497.2531123, 838.174757
2498.9949208, 845.2382062
2501.0791973, 852.7692359
2506.2001141, 857.9003842
2511.6819307, 866.332899
2512.4188583, 875.2988038
2511.5404463, 883.0770045
2511.567587, 887.201064
2511.8488665, 891.8386164
2514.7462748, 899.9083585
2512.9946686, 906.4919906
2512.8144816, 913.211818
2514.5418375, 920.0640602
2521.5633527, 930.2850206
2530.5894491, 938.2943751
2539.3163975, 942.9762979
2556.621302, 944.1739505
2569.8477094, 944.0055718
2572.7936556, 942.5622902
2577.4739024, 937.8160503
2582.773242, 924.9388351
2586.4930917, 916.5193528
2595.4296576, 914.3949458
2598.1399717, 913.8883174
2606.1080696, 916.6440575
2609.6679282, 920.8477052
2613.0920458, 929.8648946
2613.159616, 940.1746454
2612.3539545, 954.2448871
2611.0776293, 964.8836853
2611.5754712, 972.376463
2616.0986174, 977.942262
2626.9381467, 979.4506069
2632.2028378, 988.0867182
2642.5006421, 1006.8496272
2654.1516139, 1025.1235166
2666.1201653, 1040.0860908
2679.3928208, 1047.0026004
2692.9951811, 1052.4972676
2701.1376851, 1052.866109
2707.2669364, 1056.5669584
2710.0540552, 1067.8677311
2710.4334991, 1074.0036301
2718.2710365, 1079.5717671
2725.7967377, 1089.3955328
2726.4331735, 1090.529664
2731.874035, 1103.4451313
2733.3865554, 1108.299263
2737.2934993, 1108.8120097
2740.9677016, 1114.9517389
2741.8518946, 1117.7059867
2741.2807016, 1123.2067224
2745.0577231, 1130.2441563
2749.5225337, 1138.6889078
2750.5955853, 1147.1773334
2754.7392876, 1158.4612434
2759.8266821, 1158.39618
2760.7755548, 1147.9923162
2759.7025407, 1139.5039404
2755.6136829, 1131.4762308
2755.5899958, 1127.8878991
2756.2165964, 1120.7563522
2759.8099397, 1114.5247484
2766.6639935, 1112.9375615
2773.1923216, 1115.0007353
2778.3703728, 1120.8183314
2790.0016741, 1132.6984065
2793.1607291, 1135.4702134
2796.9897045, 1137.7644914
2803.1697836, 1139.4044552
2812.6613633, 1137.987189
2819.3687148, 1134.5273921
2826.8545495, 1126.5593737
2833.7773372, 1114.8484235
2841.005617, 1108.757641
2845.0361393, 1107.5822234
2849.4021848, 1116.5244009
2852.6819651, 1123.981165
2858.3861626, 1131.7816006
2858.9469198, 1132.5483828
2864.3623674, 1139.9531658
2869.0801157, 1144.2470963
2870.0497849, 1145.1302264
2878.1697656, 1151.775042
2880.9407051, 1153.5481667
2891.1172585, 1163.809717
2900.3945657, 1182.1119099
2905.1908831, 1189.8090302
2907.0563074, 1196.9620162
2908.1870939, 1205.1955606
2910.9112598, 1210.0343716
2914.1534636, 1211.8679336
2917.6677123, 1214.0726748
2922.5749197, 1223.3829974
2925.5901628, 1231.5928146
2930.8028625, 1246.5224593
2939.1873428, 1252.4142713
2948.6188601, 1253.7932854
2959.398327, 1255.5304463
2964.0138942, 1261.4705087
2965.691023, 1270.8213217
2964.9448608, 1280.203572
2961.2845104, 1296.7464189
2958.9663285, 1307.3063751
2956.8653096, 1311.2819529
2950.8013386, 1317.4990319
2944.052957, 1322.7809499
2940.7547451, 1336.9927591
2940.2072392, 1356.8370224
2940.3562689, 1379.5066157
2942.5121322, 1397.899937
2940.2066761, 1408.3206139
2937.5402451, 1415.439178
2938.2558131, 1421.0983439
2944.7460016, 1428.0998139
2948.5328208, 1436.5537181
2950.675996, 1453.0575668
2955.8754444, 1469.9945243
2963.1123957, 1487.377673
2976.8083407, 1507.040525
2991.8204396, 1520.546039
3004.0789421, 1527.946196
3008.1949406, 1534.9782577
3004.5207383, 1543.5271205
2995.0719155, 1550.7328833
2986.9790755, 1557.921087
2979.2818588, 1573.6060731
2976.326115, 1584.4813475
2973.8837542, 1601.9455766
2975.181439, 1615.0508617
2978.4207898, 1636.7539562
2981.3274327, 1648.9010993
2982.227805, 1657.2409934
2982.3814145, 1665.7576728
2988.3281888, 1669.4310146
2994.6578231, 1669.9123737
3006.7459362, 1666.0087237
3020.1831625, 1662.4624244
3031.8670184, 1658.3758708
3044.0567871, 1649.4099661
3052.0704949, 1639.9343986
3061.1370208, 1626.8842284
3068.4987142, 1620.604424
3075.2147371, 1618.4562898
3080.4667401, 1618.7639478
3086.0144, 1623.1917854
3089.4252664, 1630.0838217
3092.7356034, 1642.2256423
3096.5628521, 1650.9872044
3102.2474166, 1655.7877633
3110.6330606, 1661.8663091
3115.2364651, 1665.9314237
3117.8197473, 1669.8342778
3117.8457242, 1673.7708575
3115.044153, 1677.5551253
3110.6272796, 1681.3607825
3105.380457, 1681.8031434
3101.9984957, 1679.2218506
3097.2581865, 1674.7840645
3092.2730106, 1674.0983628
3089.8589917, 1675.441413
3087.6106699, 1681.467928
3087.6678417, 1690.0902607
3090.3400537, 1687.0567082
3093.2946713, 1686.0817532
3096.4161497, 1688.6346927
3099.8651182, 1694.4637793
3104.1052956, 1697.9082554
3107.890388, 1700.3594216
3111.5697707, 1700.4374677
3114.1605606, 1698.6543944
3118.8904714, 1694.7201527
3124.3440212, 1691.6506363
3129.2685341, 1689.963218
3134.259491, 1684.7762089
3135.679628, 1679.7216145
3136.7139769, 1673.2099102
3136.1272052, 1665.9696757
3130.4264613, 1658.1049726
3121.8514332, 1643.5732688
3114.5376771, 1630.7557447
3110.8975602, 1623.054844
3112.2737766, 1614.0399428
3118.8673474, 1606.9573426
3134.8098875, 1602.7889127
3153.138142, 1604.9156078
3162.3323004, 1611.899469
3176.6317595, 1618.784591
3192.2503006, 1621.4179145
3217.6792024, 1620.1483341
3234.6323667, 1619.4588022
3263.3930028, 1609.1728283
3284.363438, 1600.4028099
3295.8284042, 1590.3379418
3303.8554008, 1573.2326554
3307.8033373, 1554.7628298
3308.8879133, 1548.4776533
3315.5785224, 1544.4661115
3319.9873249, 1550.8285881
3331.918938, 1560.1219981
3345.1638522, 1562.7867092
3352.1611172, 1561.8102123
3360.7899011, 1565.1246115
3369.7322481, 1574.0070979
3378.1409786, 1583.646418
3390.8868871, 1597.7289461
3399.2736948, 1603.9949718
3408.2310574, 1615.1266196
3411.2757686, 1627.833168
3410.7918161, 1636.0874054
3410.3107166, 1644.7150605
3407.1643874, 1657.5011969
3403.7737546, 1674.0394675
3400.6649268, 1692.4488061
3397.4966373, 1701.8608522
3393.2640052, 1713.1616249
3391.2420809, 1721.6798463
3391.2189945, 1721.9729794
3390.7124811, 1728.484634
3392.062758, 1737.2638548
3397.3701685, 1747.3929406
3398.9277356, 1755.4504957
3400.6094817, 1765.5505318
3400.9554409, 1777.167369
3400.5038095, 1790.2940433
3400.3582709, 1809.0393433
3399.677389, 1828.1672634
3401.3718232, 1840.1415012
3405.5063284, 1854.7084228
3414.0594338, 1886.0883434
3418.0622523, 1880.7888165
3421.7866817, 1873.9932311
3427.4221453, 1871.2971821
3433.0726244, 1870.8494987
3439.006673, 1872.6478927
3447.667778, 1879.6593112
3445.4449076, 1869.1911799
3441.9012283, 1862.4889117
3434.5857454, 1855.4606802
3432.397486, 1850.2399953
3432.3853609, 1848.3658433
3438.0306597, 1847.1689368
3442.9032187, 1851.2302709
3452.9423043, 1863.0973134
3456.8325059, 1881.4163691
3459.8708355, 1892.9979885
3463.1355626, 1898.204845
3467.4427471, 1898.148984
3471.7343153, 1895.8447576
3473.1399998, 1904.8236949
3473.1596327, 1907.8227758
3472.6808606, 1916.8254403
3470.0490781, 1925.8564084
3466.3275392, 1933.0270032
3465.0783547, 1947.6627686
3464.589785, 1955.1670368
3464.1081224, 1963.795438
3464.1826372, 1975.0403498
3463.4098974, 1980.2985406
3465.8476034, 1982.5162647
3469.0603766, 1979.8508572
3473.8786542, 1975.6655645
3478.1032154, 1963.2406588
3480.4242878, 1947.8410958
3481.4216608, 1935.7169338
3484.8712299, 1928.2899657
3485.370198, 1922.2856358
3485.2956831, 1911.0407738
3485.7594396, 1899.7882017
3486.4876957, 1887.783422
3488.8855728, 1884.0037305
3492.6440876, 1882.4563377
3495.5929243, 1880.5439336
3497.1683976, 1874.5258749
3496.8519065, 1867.4073108
3493.2706882, 1855.0826364
3490.8035142, 1848.3665894
3485.5919782, 1833.8127004
3479.5458758, 1815.1469885
3476.2216494, 1800.944332
3473.1613595, 1785.9886222
3470.161132, 1780.0287126
3466.8935143, 1774.4475928
3467.1106773, 1766.5729412
3469.5033365, 1762.0432805
3473.257234, 1759.7459682
3478.260316, 1742.8127911
3479.7641649, 1725.9240342
3483.9050142, 1700.7542783
3486.2018364, 1681.6064612
3491.5086838, 1669.9176962
3500.0, 1658.7294412
3498.9096429, 1649.2048773
3496.7144763, 1642.8600097
3491.2886303, 1636.5564781
3488.0088876, 1629.1012064
3487.6756541, 1619.3585709
3485.3343858, 1611.479343
3480.1008895, 1613.8325659
3479.3131341, 1616.8415953
3477.7301531, 1621.7354713
3472.0998699, 1625.1807433
3465.9180641, 1626.7594739
3461.4359104, 1624.0198505
3460.7550285, 1622.1655956
3458.5003626, 1606.8241817
3458.3814015, 1588.8319349
3456.383765, 1571.6133347
3452.2764005, 1561.1688809
3445.2086748, 1550.7627289
3434.0931215, 1538.908719
3431.8996816, 1532.938811
3433.4607399, 1524.6715908
3440.447006, 1522.7079022
3450.0858511, 1514.7123761
3455.7045723, 1509.392206
3463.4416554, 1498.7970321
3465.8175722, 1491.6440461
3452.9284525, 1496.6818275
3438.9604625, 1501.3591739
3429.8009526, 1500.3512894
3422.2238606, 1494.4503247
3411.6788621, 1487.4618375
3407.3347393, 1481.8944964
3396.46867, 1467.0383216
3391.5689703, 1458.8529777
3388.7979933, 1446.8925684
3387.4102149, 1440.5369563
3373.4543877, 1447.0884547
3354.9002987, 1450.3240119
3338.6060935, 1451.990787
3330.1326834, 1450.2658628
3320.1652221, 1449.2679268
3313.4555432, 1452.3527639
3305.7011546, 1460.3245628
3302.7944743, 1468.6093919
3301.0809702, 1472.9102366
3300.4433707, 1479.5604244
3297.2502679, 1485.2249625
3292.4146473, 1486.786134
3287.5669391, 1486.4731038
3283.8973541, 1484.4895181
3282.1509284, 1481.6687645
3281.3810791, 1477.1804399
3280.4790175, 1473.0181283
3277.7155483, 1462.1811059
3271.6128746, 1475.7555134
3264.9794374, 1490.4609681
3255.4127797, 1509.3271426
3248.5419835, 1528.9089143
3245.7225437, 1536.7521783
3238.6114981, 1538.9079231
3224.2282896, 1535.0930636
3214.6991709, 1532.4659081
3207.8433903, 1527.0554055
3205.6667303, 1523.5841678
3202.4002389, 1518.1270066
3200.0659152, 1517.907393
3194.1798039, 1523.4808525
3186.1354643, 1528.3326462
3178.585513, 1526.4294446
3160.5818204, 1517.9119694
3147.9889583, 1513.3241596
3138.2831061, 1511.1990064
3129.6756818, 1512.3086644
3116.5740164, 1512.2259922
3104.675888, 1507.7675629
3098.5720506, 1507.845609
3091.8173625, 1512.1831638
3084.39388, 1517.9456451
3070.4923341, 1518.5953829
3062.3250168, 1514.4491382
3057.1792867, 1505.5405867
3058.8610327, 1496.7185872
3060.4053111, 1485.9512044
3060.3539202, 1478.2043913
3059.7810004, 1472.9630135
3054.4060198, 1474.2808442
3048.5031661, 1477.3556831
3031.302207, 1490.284929
3025.1793374, 1487.529189
3011.0230895, 1474.7935412
3007.5227302, 1468.1318629
3002.9244685, 1451.1949054
3000.7368096, 1432.5804781
2999.8653423, 1422.7413917
2999.0556642, 1408.7552648
2999.1313052, 1393.0082995
3001.3409244, 1374.235442
3003.5378178, 1353.4621859
3002.1379144, 1336.20991
3004.7667688, 1323.4237735
3011.7582528, 1303.4968878
3021.8019558, 1283.5317499
3025.3739394, 1277.3965473
3041.3695971, 1266.0024575
3049.5675086, 1257.1505628
3049.4537655, 1239.9066934
3051.5288075, 1227.8835089
3057.8971445, 1213.8056068
3064.3226533, 1199.3902012
3063.6099759, 1194.2039879
3055.1319485, 1194.3118796
3043.9464976, 1195.3985565
3040.5304508, 1191.6640313
3038.4277051, 1181.2992153
3041.7351516, 1168.5046226
3045.7212277, 1155.7016731
3044.262388, 1140.1337812
3039.3846487, 1120.3584114
3028.7876963, 1107.7406038
3019.5848663, 1100.7728096
3007.3667933, 1099.5116357
2985.9857567, 1097.4217003
2975.1335017, 1097.5602335
2965.9456874, 1092.9532728
2952.6638349, 1084.6202431
2936.9991208, 1074.9013348
2922.6932801, 1065.6361786
2911.7573132, 1053.0222012
2904.2039083, 1038.9488755
2896.2704964, 1018.739601
2893.8165736, 1006.4899384
2894.7596652, 995.1425072
2893.3285669, 983.8249215
2891.6144997, 981.0125246
2884.5392663, 988.1869496
2875.7401305, 991.1332535
2870.6596431, 992.1418843
2863.4914632, 985.1480746
2849.0990201, 962.659047
2838.9005439, 959.0102283
2821.5858042, 956.3960556
2808.0209829, 956.5682645
2802.2370902, 953.8079481
2795.0411314, 942.5630364
2790.6104062, 939.3129544
2786.8801582, 939.360359
2785.8937465, 944.0958546
2787.6696404, 956.3539734
2788.7611612, 967.6761852
2786.7854473, 976.6757657
2782.0930754, 985.2376113
2776.031995, 991.9275931
2772.7337455, 1006.139452
2760.6271632, 1021.880299
2753.8718745, 1026.2170579
2749.5034639, 1032.4134936
2746.0931982, 1040.5659079
2742.3375739, 1042.6130149
2738.178856, 1037.9173134
2735.7821051, 1028.1991513
2732.2869637, 1015.2469243
2731.7464025, 1013.0528776
2730.9459589, 1002.2663937
2726.7531181, 992.3217038
2721.1355607, 984.1447664
2717.6392556, 983.222638
2711.8553629, 980.4615258
2705.4211825, 981.960718
2699.3323607, 984.3996475
2694.220716, 980.6857654
2692.2161347, 977.7922881
2687.6450137, 967.5736159
2682.7210639, 955.639222
2679.2282124, 942.9357079
2678.8233545, 935.9426942
2678.5715806, 924.9480375
2677.8277083, 920.9579348
2673.0995242, 911.5198235
2669.4680788, 905.0670641
2666.8934682, 895.6021913
2664.6989022, 889.3813319
2662.8670002, 883.6555607
2660.3218577, 878.688961
2656.2358904, 877.2525439
2648.6114242, 871.839007
2644.8199877, 868.3876166
2642.0998385, 864.1732743
2640.9857943, 858.4383504
2642.3920794, 853.9209761
2643.2629836, 849.9109266
2643.9386852, 843.4038484
2644.0934584, 839.6524604
2642.0917676, 835.4289654
2639.2007034, 832.4658484
2634.5770278, 832.6540744
2629.5087031, 835.5521778
2624.418418, 835.1450346
2619.9662956, 828.5882138
2622.8158041, 824.4251063
2625.458548, 816.8933304
2631.4838163, 805.0691164
2633.041421, 796.3014358
2632.6371262, 789.3076262
2631.5375345, 785.8225601
2627.3788167, 781.1261125
2621.6231909, 779.1991339
2617.826574, 774.9978241
2614.3729883, 768.2932677
2612.54225, 762.8177515
2612.6710462, 755.0671082
2616.0073602, 743.7770799
2618.6737911, 734.6068325
2621.6278457, 726.832462
2624.3109815, 720.0001168
2628.6770646, 706.9468626
2634.0797866, 698.7799234
2637.3584031, 695.1395112
2639.3594933, 691.9912026
2642.0224706, 687.4585076
2642.8327119, 681.7656659
2639.6500074, 681.4893955
2632.8467814, 684.0752148
2626.1717885, 688.2222555
2617.0428728, 692.5888599
2611.3149883, 698.329156
2609.1955002, 705.1370278
2606.443593, 708.4047187
2600.0209746, 714.2352976
2593.2322011, 719.0702784
2590.0217553, 722.1106954
2586.0709283, 727.9352057
2583.7741061, 739.7731487
2584.0137925, 751.85299
2583.277428, 761.1884823
2582.4146322, 766.4482152
2580.4960902, 774.9710129
2579.0996403, 780.9875794
2576.9968571, 788.7627458
2577.7534176, 794.752501
2579.3918437, 798.2306529
2582.8321782, 802.9363029
2587.8901046, 807.8715647
2590.8071833, 814.8332406
2592.6569914, 823.3078377
2594.2451528, 826.5602079
2592.3220311, 840.6840722
2584.8656269, 853.1511099
2574.9744073, 863.7745873
2569.3313984, 865.3464535
2565.1074002, 864.3378228
2558.5259545, 859.6719669
2552.7588417, 852.2228135
2551.4449776, 847.201099
2548.6746012, 835.2391476
2548.3511654, 826.9941624
2548.8507341, 820.9890367
2553.3802244, 813.8077472
2555.4870243, 806.6578453
2555.9276943, 791.6546811
2556.1355852, 782.2785988
2555.5211097, 770.6633037
2554.1362218, 764.6819549
2551.1284865, 757.5970666
2547.8394716, 748.6403642
2547.5039483, 738.5211772
2546.6376613, 729.5338334
2544.9368454, 716.4324283
2542.9744204, 704.4597325
2540.7642382, 695.8642112
2536.4010831, 687.2962472
2532.8845445, 684.7157503
2528.6345319, 679.7705897
2525.2248668, 679.8134181
2521.0430249, 685.2407337
2517.8469941, 690.5303121
2510.8843776, 696.2422549
2502.2804445, 697.8508809
2497.9808053, 699.0301287
2494.7847745, 704.3197071
2492.9569267, 712.9665131
2492.2275069, 724.973581
2490.1455578, 734.6007142
2489.1279513, 736.7204951
2483.4341521, 747.6570027
2475.0017346, 754.8489869
2465.1792488, 756.863214
2453.9602755, 752.7544752
2452.4691148, 751.5919906
2452.7867696, 745.3451159
2454.0763836, 736.7051744
2454.0226653, 728.4571051
2451.2938446, 722.8675788
2448.0441331, 719.9097843
2443.4678692, 719.9671872
2437.2692834, 718.9210506
2433.7377668, 714.091442
2431.7949747, 705.1178769
2426.6706043, 703.6830018
2423.7922282, 703.5383504
2418.0551091, 707.8621264
2410.9764221, 714.5651408
2410.758696, 714.6692023
2404.6560224, 712.9603948
2394.5869055, 697.7674626
2389.1362463, 694.0574107
2381.3362103, 694.1561498
2376.2736666, 697.9993128
2365.8314874, 706.803007
2361.3758738, 711.5461629
2359.7767135, 716.6306028
2354.057538, 723.788961
2348.9083167, 726.2026212
2342.8466356, 725.5292058
2328.561066, 722.8981705
2291.3408717, 713.5978462
2266.6766013, 707.4343401
2234.0904809, 698.7860418
2229.3738213, 697.9082839
2223.4282482, 695.6353952
2223.3687489, 695.861923
2222.8143358, 698.4301832
2222.7721795, 698.6276116
2217.1286075, 724.7754065
2214.2063485, 738.3168346
2220.9189179, 742.9475225
2224.1247463, 752.9679704
2231.3622608, 761.9377054
2234.0130755, 763.9243254
2235.0468238, 781.037322
2231.0977236, 799.5101818
2220.3442712, 814.7628051
2214.2710281, 819.563364
2195.4062666, 821.1359763
2186.8629589, 829.3588261
2183.4509664, 830.2947332
2180.3583179, 822.3757112
2177.1605978, 813.6677218
2168.3862753, 804.5571655
2160.1883637, 795.6861696
2152.6932568, 790.584867
2147.7797053, 780.6065013
2144.7921659, 769.7082457
2142.5201945, 765.3622845
2137.253176, 763.382529
2130.4424797, 759.2171831
2120.2624727, 758.4014044
2113.8069327, 756.5938081
2105.6118741, 748.1949689
2099.4549191, 740.2422712
2096.7047387, 734.6083745
2093.3014176, 732.76178
2081.4315937, 732.9125
2076.326293, 730.1429813
2070.8380948, 720.7646109
2066.7469096, 717.5099028
2041.6697105, 720.6620416
2026.411581, 721.3278463
2021.7220996, 715.3372952
2017.651711, 710.3890505
2012.2454979, 707.0203324
2007.526586, 705.8303402
2003.9534386, 708.3756193
2001.7473106, 714.0279207
1999.0040749, 731.1233084
1992.0056462, 750.1081688
1986.6317917, 758.2070103
1978.0336396, 758.5743594
1967.1230866, 757.4004341
1961.4789515, 758.7847706
1958.1200767, 759.7643517
1954.2501086, 764.8756029
1952.2582155, 769.025628
1949.7136736, 776.5765548
1946.417151, 780.447325
1936.9741091, 788.5974511
1927.8388493, 792.0204882
1920.7139518, 791.6386142
1915.2528943, 787.7418784
1912.4328539, 781.3924344
1910.7586156, 765.4770904
1910.2423045, 755.1719656
1908.1666995, 746.4494016
1902.0282137, 734.0282763
1895.2492378, 726.6143407
1891.1811766, 721.9790764
1884.9381447, 714.6179674
1880.8036771, 704.7497816
1871.5540736, 690.6948109
1865.0707922, 684.6361622
1863.0465781, 673.5894747
1864.7571916, 660.7558837
1872.7350873, 645.6563184
1878.6980033, 631.2064909
1890.0688592, 620.4383619
1895.44155, 609.1391312
1897.4236079, 601.0831679
1895.3584012, 596.3851285
1892.2720968, 591.2272187
1890.8693028, 584.1591931
1888.7665571, 573.7928352
1884.6909506, 572.8997566
1881.672817, 578.1342201
1880.7014209, 585.2328374
1877.0174209, 592.3651802
1871.6187532, 596.6851261
1864.854793, 599.6054147
1857.7541456, 603.0024364
1850.6419739, 604.5092392
1844.2320437, 609.7873271
1838.5041591, 615.5284191
1834.135223, 621.7255512
1832.4505865, 622.5313813
1825.6802821, 620.0037111
1819.3667896, 615.08377
1814.8395891, 608.8919603
1809.661538, 606.1446267
1807.9076044, 612.4168204
1803.9007318, 617.1546042
1799.1298283, 622.7954151
1798.5326583, 623.1206322
1787.692566, 625.1478421
1775.1539851, 626.7242846
1764.3387061, 632.529644
1761.4990327, 634.3311221
1757.1086994, 631.8087743
1749.8792559, 624.0887227
1744.4794245, 621.6574536
1738.2046346, 622.6737447
1734.8804082, 628.9657857
1733.502465, 636.699616
1731.403736, 646.1966225
1727.1901362, 653.7498374
1725.2202034, 661.2740027
1719.7366225, 646.032074
1713.1413248, 632.3658914
1704.9514466, 614.9705061
1696.107264, 600.3959241
1690.4845262, 593.3095435
1682.6475519, 587.7398645
1672.4490757, 584.0895535
1664.3100252, 584.1928689
1650.0752458, 585.7907504
1642.9694181, 588.2426627
1638.5883194, 592.5496258
1632.8414026, 595.4568818
1620.2964401, 596.0882149
1612.1758964, 599.0261124
1604.8246389, 601.0915744
1599.3653082, 592.5587784
1595.0581237, 585.7387197
1590.5187982, 577.671216
1586.6482671, 568.9700911
1583.216041, 558.7016763
1582.9284174, 549.0179361
1581.0809367, 540.9168064
1574.7998028, 540.9963946
1568.5533173, 546.3876966
1565.4110047, 552.4501755
1556.977461, 560.0408964
1546.8679147, 570.0896976
1540.7790929, 572.5293731
1534.6561857, 569.7720911
1529.4752441, 564.4611233
1520.7621476, 545.4296044
1512.7992675, 528.3433693
1506.1675571, 509.0524427
1504.7705441, 501.2581751
1496.9006481, 498.5452634
1490.5871556, 493.625372
1485.6152685, 488.0626073
1483.07647, 477.1574872
1487.4512247, 459.9151599
1497.847794, 437.2838187
1514.3250767, 418.3257695
1525.4395039, 402.5604492
1529.602276, 387.1953081
1530.8624594, 374.0548551
1531.6051304, 350.296247
1531.8933172, 325.604816
1526.4524932, 316.9243343
1514.7368418, 309.2593975
1507.305889, 304.9784498
1494.015928, 296.7089414
1479.8227043, 287.5126787
1469.2777434, 287.3336053
1460.3290147, 291.1959193
1446.9345453, 301.3648488
1438.057441, 316.1644166
1431.1415981, 322.1893896
1416.6440459, 335.1852409
1394.09352, 351.7196813
1383.2008731, 367.1704791
1381.2511363, 377.819972
1380.8884723, 390.9497304
1381.4284329, 405.0054472
1381.0328472, 413.1357261
1378.6240086, 422.2286734
1377.2379571, 426.3335821
1353.6831135, 435.054604
1348.7955389, 423.5433704
1347.6064168, 413.2451598
1344.6627605, 403.986868
1338.1517754, 393.6756249
1324.8358375, 380.1426032
1322.3507573, 377.4840105
1318.8244211, 368.6084382
1312.4317964, 351.50156
1308.7466327, 336.8604224
1307.9964538, 324.9941261
1303.3456376, 309.0742058
1300.8825177, 295.4049392
1297.1395816, 293.562125
1291.0386347, 294.1116315
1286.7424491, 295.593961
1276.92398, 292.4234174
1264.6296653, 285.453335
1246.6924168, 280.0543726
1239.5392149, 277.1447787
1234.131275, 273.4630801
1231.3990382, 267.3095225
1228.7805446, 257.967116
1226.7055026, 249.3685106
1223.9148928, 234.2153724
1220.8875246, 227.4511747
1219.2456449, 223.3470122
1215.9404882, 219.9385
1202.9797066, 208.7632776
1196.3711201, 205.2950245
1189.723831, 195.9679387
1182.6272379, 181.0573952
1176.059644, 164.639253
1176.2935494, 159.1982084
1181.1083359, 154.4496803
1187.5517508, 151.7436828
1197.4510789, 142.243642
1201.1356795, 129.2592812
1205.3770206, 119.0804031
1209.5103246, 113.0278727
1212.1744656, 108.6819115
1214.2997347, 104.3428147
1216.0068947, 97.7584364
1219.3022161, 87.0285595
1225.0861088, 65.5803461
1218.6692714, 72.4111492
1210.1011505, 79.6444695
1204.8872496, 85.1475431
1199.1882701, 94.9483774
1193.1236985, 101.1669486
1185.6869647, 105.040007
1177.5848901, 110.8116409
1167.8235929, 122.2738781
1160.3932032, 127.0920459
1148.2305752, 134.3322306
1142.1538785, 138.6613789
1136.0921974, 145.3521566
1129.3461432, 151.1062314
1117.8187873, 151.7245816
1106.4970324, 148.2647848
1101.6273639, 144.576172
1096.4862511, 140.5156338
1092.2270414, 127.9506529
1087.4151079, 118.0901275
1084.3536543, 116.7111133
1081.9950429, 119.1033842
1079.0289008, 132.3693378
1073.3096878, 139.5284421
1066.1969154, 141.035245
1050.7320213, 139.294254
1050.7320213, 344.5269013
1050.7320213, 346.4645248
1050.7320213, 362.1326978
1057.5779667, 343.1891735
---
# PRESA TROJES
301.3550101, 777.1860011
305.0111561, 765.798925
313.3594488, 745.8468197
325.456759, 728.6822401
338.5777194, 712.4497372
345.5973952, 696.7673876
345.4706261, 677.3956292
343.9996989, 659.9310519
346.9900912, 650.4426509
358.1350751, 643.2133598
376.6297023, 618.8800755
388.708731, 598.8810629
403.4452188, 570.3430864
405.6956804, 551.4138382
408.254412, 527.755561
403.0347677, 507.5035078
406.3613215, 497.5385229
410.4062212, 493.7070991
418.5330339, 491.7140624
427.698888, 493.015478
437.6169855, 505.6477109
445.1889347, 522.5622345
457.1819991, 541.3107678
468.8020012, 554.8662731
474.1577243, 557.1481154
483.8808445, 560.6912809
490.3269247, 563.0402757
505.7798814, 565.8447635
521.5623552, 564.1444122
524.7212975, 563.1349359
536.1549561, 559.4811429
540.1713262, 555.4464708
553.2163078, 546.8906938
565.9562101, 543.5888795
573.2114429, 546.9274536
585.491155, 557.6393734
591.60479, 558.9793893
593.6148895, 555.1738814
590.4855655, 543.4010017
589.7270905, 531.1255227
585.1782301, 521.8322619
584.4277884, 516.8410893
586.6013326, 511.2718083
589.7233741, 503.2722033
593.2374727, 491.7261498
597.8804057, 488.1754732
605.7278534, 488.397574
622.012336, 489.1363013
632.16783, 486.1726869
643.4239293, 495.9525796
652.2259556, 493.4786314
658.3025772, 489.1491847
668.8126269, 488.5435685
690.1964414, 491.1077001
698.0498202, 490.0802666
723.5042861, 487.0758633
737.9246957, 476.800982
749.0236193, 462.4857082
758.7167083, 440.6284116
770.0623755, 412.1354521
776.0836271, 399.3020602
788.236983, 390.6435647
803.4733773, 386.6709713
816.3603949, 386.5079648
823.8675143, 393.5003319
835.8018302, 403.2715694
841.9061931, 403.1943689
847.3600431, 407.3777216
850.2270824, 430.9656628
855.1215266, 441.8052718
856.8687031, 462.0349905
857.9652917, 473.3912262
892.2300049, 474.8473911
899.7649031, 486.091507
901.9168248, 504.0184915
904.7408819, 520.9919601
908.2154519, 533.7048755
914.6373946, 530.3162106
916.3268737, 529.3498611
918.9751733, 519.3942775
917.1993546, 507.1323286
921.1918873, 495.2698127
922.6775298, 480.7036372
925.2787931, 471.3999305
927.9389926, 461.885514
932.1914828, 454.5573844
935.3930694, 449.0401838
948.6780001, 419.9278295
952.1613167, 407.4696459
962.1844859, 384.1916012
975.565141, 355.6739693
978.571187, 348.5488392
986.3097341, 339.0015927
996.4898913, 339.8179185
1006.3370402, 341.5833829
1012.8328596, 349.533295
1019.820965, 350.4655211
1033.1747047, 348.3313148
1037.9441066, 351.5783626
1050.7295437, 362.1390151
1050.7296939, 277.3774249
1050.7296939, 139.2035732
1045.5025417, 133.7642696
1037.7070855, 135.8170472
1030.4081198, 131.5022248
1025.4444912, 138.8805448
1021.7245665, 146.4279398
1014.7597727, 151.766067
1007.8047391, 158.604232
1000.4645931, 168.7324721
995.1458834, 185.3361045
994.2697237, 207.0809331
993.7265723, 227.8766231
991.8668914, 254.8310937
988.8362198, 258.1766816
982.3926547, 258.2580107
977.6140933, 253.5935973
970.4769206, 251.3213056
964.0057268, 247.150687
950.8513941, 206.2112335
945.320852, 190.216749
931.2628812, 166.7701763
921.024426, 156.9772013
914.525641, 148.5544857
910.7368698, 139.6251418
914.3752975, 125.4048763
912.220823, 107.0052874
910.4883618, 101.3573633
904.9886016, 90.0871326
898.8320595, 82.1324948
889.8766114, 60.9835826
890.4629327, 46.8017682
892.7081388, 26.9292511
893.6428217, 14.1604748
895.604083, 2.7962305
892.5335075, 1
888.4792231, 2.4134115
883.5024934, 19.4854202
879.607562, 46.4659559
877.3286459, 61.1416149
872.6236984, 67.8156293
867.5489545, 69.7694689
866.2384313, 76.8732594
870.7115756, 86.7390576
878.930509, 98.9200754
885.0932075, 107.8195738
890.2875881, 124.2909903
893.1510236, 147.406526
898.4221714, 175.6889251
900.512229, 184.1672031
912.1195429, 195.8327881
918.7170178, 203.231005
919.3041649, 210.7241806
915.0556538, 219.7785775
906.9575584, 236.5312387
903.3162027, 250.2790986
901.0990382, 274.4036132
899.4863639, 287.1809453
901.6336308, 308.4554576
903.8652478, 320.4283026
904.4622301, 329.421516
903.9629242, 335.428333
901.4483009, 337.4724554
900.2138317, 338.4759626
891.0419338, 335.5915882
873.9244239, 320.1050254
857.2484474, 311.3385387
843.5135745, 312.9400515
830.0688404, 315.3601285
813.9566617, 321.5642743
805.1265563, 328.0616031
796.7035985, 336.6728431
785.5121789, 336.814311
774.3515788, 341.6802317
766.2462384, 346.9801068
753.386887, 351.3950611
744.9208721, 353.3920773
740.2284251, 361.9562608
735.9182, 377.1304898
731.9040447, 385.6861176
721.8224274, 399.9884583
714.0347042, 401.9769188
701.5791971, 416.3093537
685.3624349, 425.964492
672.1670722, 430.856428
663.3588519, 432.3854161
654.8589768, 429.1855243
641.5958563, 423.6833461
635.7843724, 416.6694404
634.2985047, 396.8432337
630.1118954, 378.9411702
629.0662473, 375.8375304
627.5146113, 363.8798072
627.7578638, 346.1244844
625.1852052, 336.9057877
617.2516056, 331.2553765
603.2717158, 319.7453366
591.0260141, 314.2300761
582.2085593, 314.3415492
571.7015878, 315.4193719
564.9497151, 320.2297301
559.6066801, 333.0549643
553.4761901, 339.1084398
545.4396961, 345.210862
541.2829678, 349.5824905
534.059493, 357.1793296
518.4171522, 361.926266
510.9162267, 355.8785109
503.7144119, 343.6843113
494.4654841, 329.6259581
490.6273116, 313.1365845
491.5862447, 304.1467535
490.2112671, 301.3290839
484.0822411, 297.6264437
475.9922916, 305.2888934
474.3889644, 319.4845362
480.2680935, 336.8931531
505.0889765, 398.478074
512.3586619, 421.0665371
522.9765235, 436.9974008
522.0762638, 454.9641296
514.6615654, 462.1456678
503.4794554, 463.7047999
493.6446193, 463.8293554
485.1231593, 457.3221279
479.9683448, 446.9921317
476.0850129, 436.0653737
469.5521425, 422.445203
455.3228063, 412.338203
445.8487948, 410.7002786
440.0433547, 409.6965227
421.0241954, 405.6846327
414.5899399, 407.183626
402.7356947, 409.6962242
395.2655512, 408.3732203
386.1397888, 413.2139214
381.0959394, 419.8930594
374.3595328, 427.0661413
369.944649, 426.1769924
366.9078585, 428.5780179
369.331112, 436.1076549
373.4438446, 442.6708926
371.1100089, 448.8432031
360.9607088, 452.7518772
353.22539, 462.7728225
347.2320299, 479.8595053
342.9436149, 498.3421644
346.1655101, 524.289994
340.1784189, 542.3217364
331.1237177, 558.029803
316.9820725, 573.8024355
305.8864524, 588.5914081
296.8133196, 601.4646936
288.0885861, 615.7511664
285.8166147, 631.3733773
284.2569453, 652.1842885
282.3519925, 672.0545672
258.6777374, 682.2783629
253.864978, 672.4163949
254.7432399, 651.1414847
262.5154595, 646.7900517
269.9423205, 641.4979365
275.6519611, 632.9199742
278.9783648, 622.9546909
282.2430168, 603.5397062
285.905507, 593.0976897
285.4798901, 579.8723758
285.0790113, 570.4269027
278.2469554, 562.9531764
269.3770586, 555.0327119
263.2232944, 547.5503304
256.7458316, 542.4347019
249.6700726, 538.1228641
246.8708663, 536.4170411
238.3586034, 531.3271792
225.4716233, 531.4905836
217.5206431, 531.9735345
206.7827694, 538.9896289
191.0067523, 551.3014697
180.0438324, 566.8341936
168.7908114, 577.100171
161.809538, 582.363535
156.5161295, 592.292357
155.7414753, 611.0559624
152.2218209, 621.7277896
141.948004, 628.7346816
131.1805496, 628.8713742
119.0467516, 625.899801
103.6072338, 619.0382072
87.2856628, 612.6299177
71.9042554, 594.3960711
64.0177296, 581.2649697
61.7501878, 577.8668039
55.8973735, 574.8153938
41.5734766, 579.9982744
29.0523514, 586.4086033
12.5547226, 602.2465478
4.6140656, 622.9769755
1, 645.8713556
7.9130658, 637.442074
14.2950295, 625.3583528
20.7039461, 617.4001834
39.6409326, 608.414481
42.4801555, 607.0557122
52.9777797, 604.559728
61.4834734, 610.18293
69.2187171, 622.1566206
80.5247432, 635.7659474
94.6207035, 645.1420296
101.2809435, 653.6312013
113.0636771, 664.7543929
119.8338313, 667.9022539
131.4309346, 671.1305984
144.9883607, 671.4368636
159.1762164, 662.7510097
164.1982556, 652.7639888
174.5691483, 630.8956991
180.9755498, 625.1439622
190.0981214, 619.8302586
194.7110233, 614.1574135
203.2107107, 610.2987805
207.256699, 611.4976269
211.7635533, 614.566049
217.6000381, 615.1170975
218.8594332, 615.9422775
229.7665326, 623.0891949
236.125222, 634.8857023
235.7542619, 646.7676676
232.2182781, 654.9390835
226.3941061, 656.2632813
223.2168072, 650.6775852
211.9025601, 635.8183761
211.2262204, 635.2220618
202.6984914, 627.7033185
198.7247281, 642.4023067
192.4110854, 662.3288442
191.8441342, 679.3471807
192.3830438, 682.8162794
193.968615, 693.0236102
199.8111811, 704.762665
203.9426456, 714.1607832
209.5017925, 734.4089564
206.492931, 741.0626759
212.2952929, 746.6592656
221.7847704, 745.5935304
229.9146238, 744.0725509
244.1952759, 749.5613484
257.6425251, 764.0766869
264.0049309, 771.4857975
272.6403593, 794.5621361
272.6682132, 798.8145315
270.0604557, 814.9135749
269.1390991, 829.5736147
272.2687234, 841.3469421
279.7962264, 853.2186603
280.4091253, 856.3614476
280.5680278, 857.5056269
281.0144788, 862.6726395
281.965266, 863.7679716
282.9362866, 864.055633
284.2234606, 863.2890996
284.4201272, 860.4361127
284.6256156, 858.9332395
285.3191106, 857.9492314
285.738008, 856.143575
285.6121399, 853.3696789
285.6012911, 851.7195178
285.2114864, 849.6876321
284.1352064, 840.7233688
284.0236781, 823.7138866
285.2625019, 805.7421835
288.1777787, 800.0240726
291.9288232, 801.1793445
296.1110029, 802.6264065
299.6251765, 804.8320929
302.1947194, 806.674708
305.7125719, 809.4429335
309.9107807, 813.3277311
313.1459271, 814.0367124
314.6375008, 815.7055269
317.7756089, 817.6722996
316.378596, 814.3706344
316.0848535, 810.6237233
313.6474103, 808.4043577
309.0454322, 804.5246836
306.198101, 801.3728432
303.8817585, 797.0890602
301.4332788, 793.1820276
296.9043892, 784.4379748
301.3550101, 777.1860011
---
